7189 38019 65911 6476
7189 38019 50527 6476
7189 38019 80050 309695
7189 38019 80050 6476
7189 38019 45155 801166
7189 38019 45155 6476
7189 38019 45155 4464
7189 38019 6476 309695
7189 38019 6476
7189 38019 6476 20664
7189 38019 6476 84222
7189 38019 6476 801166
7189 41 1512 5936
7189 41 8833 6369
7189 41 55666 309695
7189 41 55666 5936
7189 41 55666 6476
7189 41 28214 6369
7189 41 2601625 5936
7189 41 4728 6476
7189 41 6994 6476
7189 41 6563 96905
7189 41 6563 309695
7189 41 6563 23576
7189 41 6563 96889
7189 41 6563 20664
7189 41 6563 743243
7189 41 6563 5936
7189 41 6563 312359
7189 41 6563 54486
7189 41 6563 4464
7189 41 9609 1681
7189 41 176638 6476
7189 41 9838 6476
7189 41 6506 6507
7189 41 116346 6476
7189 41 452621 6507
7189 41 50527 6476
7189 41 26288 20664
7189 41 26288 6476
7189 41 26288 4464
7189 41 11503 64985
7189 41 11503 74699
7189 41 11503 743243
7189 41 11503 6476
7189 41 11503 4464
7189 41 34033 6507
7189 41 80050 309695
7189 41 80050 6476
7189 41 16735 6476
7189 41 6507
7189 41 7715 50289
7189 41 7715 6537
7189 41 7715 38237
7189 41 7715 979400
7189 41 7715 5936
7189 41 123412 309695
7189 41 6478 6476
7189 41 9678 6476
7189 41 8852 6476
7189 41 65871 64985
7189 41 6543 37983
7189 41 273405 6476
7189 41 5956 5936
7189 41 4733 10518
7189 41 4733 17598
7189 41 6476 309695
7189 41 6476
7189 41 6476 20664
7189 41 6476 84222
7189 41 6476 801166
7189 41 2912 1681
7189 121593 50465 6369
7189 121593 50465 4714
7189 121593 9844 12561
7189 121593 9844 74699
7189 121593 20664
7189 121593 943652 96905
7189 121593 943652
7189 121593 943652 140935
7189 121593 943652 146235
7189 121593 943652 96889
7189 121593 943652 158881
7189 121593 943652 54486
7189 121593 8285 42524
7189 121593 9902 4464
7189 4292 676721 5936
7189 4292 676721 4464
7189 4292 14643 6476
7189 4292 38554 442485
7189 4292 1042276 74699
7189 203156 200282 96905
7189 203156 200282
7189 203156 200282 140935
7189 203156 200282 23576
7189 203156 200282 146235
7189 203156 200282 96889
7189 203156 200282 20664
7189 203156 200282 158881
7189 203156 200282 54486
7189 203156 200282 37983
7189 203156 200282 6476
7189 203156 96905
7189 203156 96905 54486
7189 203156 140927 140935
7189 203156 140927 23576
7189 203156 140927 146235
7189 203156 140927 20664
7189 203156 140927 158881
7189 203156 140927 54486
7189 203156 140927 6476
7189 203156
7189 203156 140935
7189 203156 140935 146235
7189 203156 140935 20664
7189 203156 140935 743243
7189 203156 140935 158881
7189 203156 140935 54486
7189 203156 140935 743437
7189 203156 200285 200282
7189 203156 200285 96905
7189 203156 200285 146235
7189 203156 200285 96889
7189 203156 200285 943652
7189 203156 200285 158881
7189 203156 200285 6476
7189 203156 23576 200282
7189 203156 23576
7189 203156 23576 140935
7189 203156 23576 146235
7189 203156 23576 96889
7189 203156 23576 158881
7189 203156 23576 54486
7189 203156 23576 37983
7189 203156 23576 6476
7189 203156 146235 200282
7189 203156 146235 96905
7189 203156 146235
7189 203156 146235 140935
7189 203156 146235 23576
7189 203156 146235 96889
7189 203156 146235 20664
7189 203156 146235 158881
7189 203156 146235 54486
7189 203156 146235 6476
7189 203156 96889 200282
7189 203156 96889 96905
7189 203156 96889
7189 203156 96889 140935
7189 203156 96889 23576
7189 203156 96889 146235
7189 203156 96889 943652
7189 203156 96889 158881
7189 203156 96889 54486
7189 203156 96889 6476
7189 203156 50527 6476
7189 203156 26288 20664
7189 203156 26288 6476
7189 203156 26288 4464
7189 203156 943652 96905
7189 203156 943652
7189 203156 943652 140935
7189 203156 943652 146235
7189 203156 943652 96889
7189 203156 943652 158881
7189 203156 943652 54486
7189 203156 9680 6476
7189 203156 158881
7189 203156 158881 140935
7189 203156 158881 23576
7189 203156 158881 146235
7189 203156 158881 20664
7189 203156 158881 54486
7189 203156 65171 20664
7189 203156 9678 6476
7189 203156 54486
7189 203156 54486 140935
7189 203156 54486 146235
7189 203156 54486 743243
7189 203156 54486 158881
7189 203156 6476 309695
7189 203156 6476
7189 203156 6476 20664
7189 203156 6476 84222
7189 203156 6476 801166
7189 200282 203156 96905
7189 200282 203156
7189 200282 203156 140935
7189 200282 203156 23576
7189 200282 203156 146235
7189 200282 203156 96889
7189 200282 203156 943652
7189 200282 203156 158881
7189 200282 203156 54486
7189 200282 203156 6476
7189 200282 202782 203156
7189 200282 96905
7189 200282 96905 54486
7189 200282 140927 140935
7189 200282 140927 23576
7189 200282 140927 146235
7189 200282 140927 20664
7189 200282 140927 158881
7189 200282 140927 54486
7189 200282 140927 6476
7189 200282 431 31580
7189 200282 431 6476
7189 200282
7189 200282 140935
7189 200282 140935 146235
7189 200282 140935 20664
7189 200282 140935 743243
7189 200282 140935 158881
7189 200282 140935 54486
7189 200282 140935 743437
7189 200282 200285 96905
7189 200282 200285 146235
7189 200282 200285 96889
7189 200282 200285 943652
7189 200282 200285 158881
7189 200282 200285 6476
7189 200282 200284 96889
7189 200282 23576 203156
7189 200282 23576
7189 200282 23576 140935
7189 200282 23576 146235
7189 200282 23576 96889
7189 200282 23576 158881
7189 200282 23576 54486
7189 200282 23576 37983
7189 200282 23576 6476
7189 200282 146235 203156
7189 200282 146235 96905
7189 200282 146235
7189 200282 146235 140935
7189 200282 146235 23576
7189 200282 146235 96889
7189 200282 146235 20664
7189 200282 146235 158881
7189 200282 146235 54486
7189 200282 146235 6476
7189 200282 96889 203156
7189 200282 96889 96905
7189 200282 96889
7189 200282 96889 140935
7189 200282 96889 23576
7189 200282 96889 146235
7189 200282 96889 943652
7189 200282 96889 158881
7189 200282 96889 54486
7189 200282 96889 6476
7189 200282 50527 6476
7189 200282 26288 20664
7189 200282 26288 6476
7189 200282 26288 4464
7189 200282 2419089 943652
7189 200282 20664
7189 200282 9680 6476
7189 200282 158881
7189 200282 158881 140935
7189 200282 158881 23576
7189 200282 158881 146235
7189 200282 158881 20664
7189 200282 158881 54486
7189 200282 298205 96905
7189 200282 298205 743243
7189 200282 298205 5936
7189 200282 298205 54486
7189 200282 200247 6476
7189 200282 65171 20664
7189 200282 54486
7189 200282 54486 140935
7189 200282 54486 146235
7189 200282 54486 743243
7189 200282 54486 158881
7189 200282 37983
7189 200282 37983 64985
7189 200282 37983 908497
7189 200282 37983 312359
7189 200282 37983 4464
7189 200282 6476 309695
7189 200282 6476
7189 200282 6476 20664
7189 200282 6476 84222
7189 200282 6476 801166
7189 28664 7353 12561
7189 28664 38178 42524
7189 28664 476335 4464
7189 28664 42909 37983
7189 28664 6936 37983
7189 28664 9844 12561
7189 28664 9844 74699
7189 28664 431 31580
7189 28664 431 6476
7189 28664 547 4464
7189 28664 64985
7189 28664 64985 37983
7189 28664 26220 64985
7189 28664 26288 20664
7189 28664 26288 6476
7189 28664 26288 4464
7189 28664 21628 6476
7189 28664 2401875 70994
7189 28664 80050 309695
7189 28664 80050 6476
7189 28664 842013 6476
7189 28664 16735 6476
7189 28664 24412 12561
7189 28664 71976 70994
7189 28664 147158 42524
7189 28664 138498 6476
7189 28664 393486 354474
7189 28664 393486 50289
7189 28664 393486 6537
7189 28664 393486 20664
7189 28664 393486 74699
7189 28664 393486 908497
7189 28664 393486 6476
7189 28664 5371 70994
7189 28664 4464 31784
7189 28664 4464
7189 28664 4464 50289
7189 28664 4464 6537
7189 28664 4464 23660
7189 28664 4464 5936
7189 28664 4464 37983
7189 28664 4464 6476
7189 96905 1598 1681
7189 96905 60 10518
7189 96905
7189 96905 298205 743243
7189 96905 298205 5936
7189 96905 298205 54486
7189 96905 54486
7189 96905 54486 140935
7189 96905 54486 146235
7189 96905 54486 743243
7189 96905 54486 158881
7189 96905 1429 58310
7189 143258 51869 31784
7189 138519 83231 74699
7189 138519 83231 267099
7189 138519 415260 20664
7189 138519 415260 6476
7189 138519 6994 6476
7189 138519 43142 6369
7189 138519 26288 20664
7189 138519 26288 6476
7189 138519 26288 4464
7189 138519 382329 325488
7189 138519 382329 37983
7189 138519 6502 6476
7189 138519 288545 6476
7189 138519 43107 50289
7189 138519 43107 4464
7189 138519 65871 64985
7189 10871 4859 215774
7189 10871 4728 6476
7189 10871 7237 64985
7189 10871 51869 31784
7189 42909 94 1463
7189 42909 28664 64985
7189 42909 28664 4464
7189 42909 10788 64985
7189 42909 10788 6476
7189 42909 16735 6476
7189 42909 37983
7189 42909 37983 64985
7189 42909 37983 908497
7189 42909 37983 312359
7189 42909 37983 4464
7189 4428 47174 6537
7189 4428 47174 37983
7189 4428 47174 4464
7189 4428 8833 6369
7189 4428 148407 405086
7189 4428 114182 442485
7189 4428 7312 4464
7189 4428 118450 4464
7189 4428 155597 37983
7189 4428 8285 42524
7189 4428 49351 54486
7189 4428 37983
7189 4428 37983 64985
7189 4428 37983 908497
7189 4428 37983 312359
7189 4428 37983 4464
7189 4428 9902 4464
7189 3413 2333 1681
7189 3413 2293 1681
7189 3413 2337 1681
7189 3413 2339 1681
7189 3413 2341 1681
7189 3413 2394 1681
7189 3413 2347 1681
7189 3413 2359 1681
7189 3413 2299 1681
7189 3413 2398 1681
7189 3413 1542 1681
7189 3413 1594 1681
7189 3413 1490 1681
7189 3413 1490 549845
7189 3413 1491 1681
7189 3413 1491 10518
7189 3413 1491 54486
7189 3413 1596 1681
7189 3413 1640 1681
7189 3413 2395 1681
7189 3413 2222 1681
7189 3413 2390 1681
7189 3413 2387 1681
7189 3413 2387 10518
7189 3413 2379 1681
7189 3413 2375 1681
7189 3413 2364 1681
7189 3413 2367 1681
7189 3413 2353 1681
7189 3413 2354 1681
7189 3413 2218 1681
7189 3413 2218 6476
7189 3413 2248 1681
7189 3413 2250 1681
7189 3413 2231 1681
7189 3413 2230 1681
7189 3413 2243 1681
7189 3413 2242 1681
7189 3413 2242 743243
7189 3413 2234 1681
7189 3413 2236 1681
7189 3413 2311 1681
7189 3413 2311 743243
7189 3413 2291 1681
7189 3413 2308 1681
7189 3413 2285 1681
7189 3413 2307 1681
7189 3413 2136 1681
7189 3413 2136 23692
7189 3413 2316 1681
7189 3413 2313 1681
7189 3413 2321 1681
7189 3413 2326 1681
7189 3413 2327 1681
7189 3413 18926 1463
7189 3413 37263 1463
7189 3413 11007 191309
7189 3413 11007 109579
7189 3413 8069 1463
7189 3413 10518 1463
7189 3413 10518
7189 3413 10518 6537
7189 3413 60 10518
7189 3413 55666 309695
7189 3413 55666 5936
7189 3413 55666 6476
7189 3413 69039 17598
7189 3413 25879 1463
7189 3413 25879 10518
7189 3413 300286 202293
7189 3413 604084 1681
7189 3413 20230 1463
7189 3413 230469 54486
7189 3413 624037 1463
7189 3413 624037 10518
7189 3413 5526 74699
7189 3413 15765 5936
7189 3413 70145 50289
7189 3413 70145 5936
7189 3413 70145 54486
7189 3413 70145 58310
7189 3413 70145 4464
7189 3413 14598 753987
7189 3413 281233 1463
7189 3413 17970 4464
7189 3413 18128 10518
7189 3413 275041 10518
7189 3413 275041 5936
7189 3413 14407 1463
7189 3413 3448 1463
7189 3413 805 1463
7189 3413 68722 69069
7189 3413 62449 1463
7189 3413 5094 1681
7189 3413 15576 10518
7189 3413 298205 96905
7189 3413 298205 743243
7189 3413 298205 5936
7189 3413 298205 54486
7189 3413 269135 54486
7189 3413 7715 50289
7189 3413 7715 6537
7189 3413 7715 38237
7189 3413 7715 979400
7189 3413 7715 5936
7189 3413 1121 1681
7189 3413 1121 10518
7189 3413 4753 99761
7189 3413 1189 10518
7189 3413 54486
7189 3413 54486 140935
7189 3413 54486 146235
7189 3413 54486 743243
7189 3413 54486 158881
7189 3413 3412 67767
7189 3413 20877 80563
7189 3413 5298 10518
7189 3413 24515 1463
7189 3413 56916 7759
7189 3413 2912 1681
7189 104974 38019 6476
7189 104974 263755 254520
7189 104974 233514 233513
7189 104974 19998 50289
7189 104974 19998 6537
7189 104974 6563 96905
7189 104974 6563 309695
7189 104974 6563 23576
7189 104974 6563 96889
7189 104974 6563 20664
7189 104974 6563 743243
7189 104974 6563 5936
7189 104974 6563 312359
7189 104974 6563 54486
7189 104974 6563 4464
7189 104974 624037 1463
7189 104974 624037 10518
7189 104974 63970 312359
7189 104974 6537
7189 104974 6537 7759
7189 104974 6537 5936
7189 104974 6537 312359
7189 104974 6537 6476
7189 104974 6537 4464
7189 104974 6329 405086
7189 104974 6329 6476
7189 104974 22289 50289
7189 104974 22289 979400
7189 104974 22289 5936
7189 104974 7610 6537
7189 104974 7610 38237
7189 104974 7715 50289
7189 104974 7715 6537
7189 104974 7715 38237
7189 104974 7715 979400
7189 104974 7715 5936
7189 104974 5173 6537
7189 104974 5173 6476
7189 6563 1680 743243
7189 6563 1682 10518
7189 6563 1683 1681
7189 6563 1683 10518
7189 6563 41 6507
7189 6563 41 6476
7189 6563 96905
7189 6563 96905 54486
7189 6563 10788 64985
7189 6563 10788 6476
7189 6563 3980 17598
7189 6563 3980 1460624
7189 6563 309695 2397455
7189 6563 309695
7189 6563 309695 50289
7189 6563 309695 908497
7189 6563 309695 325488
7189 6563 309695 84222
7189 6563 309695 37983
7189 6563 309695 6476
7189 6563 3413 10518
7189 6563 3413 54486
7189 6563 462079 309695
7189 6563 23576 203156
7189 6563 23576 200282
7189 6563 23576
7189 6563 23576 140935
7189 6563 23576 146235
7189 6563 23576 96889
7189 6563 23576 158881
7189 6563 23576 54486
7189 6563 23576 37983
7189 6563 23576 6476
7189 6563 2307113 203156
7189 6563 2307113 200282
7189 6563 2307113 23576
7189 6563 2307113 146235
7189 6563 2307113 64985
7189 6563 2307113 743243
7189 6563 2307113 158881
7189 6563 2307113 37983
7189 6563 6506 6507
7189 6563 96889 203156
7189 6563 96889 200282
7189 6563 96889 96905
7189 6563 96889
7189 6563 96889 140935
7189 6563 96889 23576
7189 6563 96889 146235
7189 6563 96889 943652
7189 6563 96889 158881
7189 6563 96889 54486
7189 6563 96889 6476
7189 6563 50527 6476
7189 6563 20664
7189 6563 743243 200282
7189 6563 743243 96905
7189 6563 743243
7189 6563 743243 140935
7189 6563 743243 23576
7189 6563 743243 146235
7189 6563 743243 64985
7189 6563 743243 96889
7189 6563 743243 6537
7189 6563 743243 943652
7189 6563 743243 74699
7189 6563 743243 744113
7189 6563 743243 158881
7189 6563 743243 312359
7189 6563 743243 54486
7189 6563 743243 743437
7189 6563 743243 6476
7189 6563 298205 96905
7189 6563 298205 743243
7189 6563 298205 5936
7189 6563 298205 54486
7189 6563 34773 4464
7189 6563 1461055 5936
7189 6563 1461055 37983
7189 6563 1461055 6476
7189 6563 7715 50289
7189 6563 7715 6537
7189 6563 7715 38237
7189 6563 7715 979400
7189 6563 7715 5936
7189 6563 5936
7189 6563 5936 660710
7189 6563 95837 5936
7189 6563 95837 312359
7189 6563 95837 6476
7189 6563 95837 4464
7189 6563 312359
7189 6563 312359 50289
7189 6563 312359 908497
7189 6563 6997 312359
7189 6563 6997 6476
7189 6563 54486
7189 6563 54486 140935
7189 6563 54486 146235
7189 6563 54486 743243
7189 6563 54486 158881
7189 6563 4464 31784
7189 6563 4464
7189 6563 4464 50289
7189 6563 4464 6537
7189 6563 4464 23660
7189 6563 4464 5936
7189 6563 4464 37983
7189 6563 4464 6476
7189 6563 2517426 50289
7189 6563 2517426 782309
7189 431 1607 96889
7189 431 47174 6537
7189 431 47174 37983
7189 431 47174 4464
7189 431 26 58310
7189 431 545213 6476
7189 431 4728 6476
7189 431 104205 50289
7189 431 4725 6476
7189 431 645922 6476
7189 431 645922 4464
7189 431 695459 6476
7189 431 412012 801166
7189 431 412012 6476
7189 431 452 31784
7189 431 452 312359
7189 431 452 31580
7189 431 452 4464
7189 431 453448 6476
7189 431 7236 6476
7189 431 9359 6476
7189 431 9679 4464
7189 431 24507 309695
7189 431 24507 6476
7189 431 547 4464
7189 431 584 4464
7189 431 7237 64985
7189 431 3051 23660
7189 431 3051 6476
7189 431 89517 6476
7189 431 676721 5936
7189 431 676721 4464
7189 431 2295352 6476
7189 431 9680 6476
7189 431 14643 6476
7189 431 6923 6476
7189 431 26493 4464
7189 431 48944 4464
7189 431 160329 6476
7189 431 65171 20664
7189 431 48680 6476
7189 431 11154 74699
7189 431 575802 4464
7189 431 1189 10518
7189 431 152095 6476
7189 431 14333 4464
7189 431 1354 1463
7189 431 1354 393749
7189 431 31580
7189 431 31580 312359
7189 431 31580 6476
7189 431 6476 309695
7189 431 6476
7189 431 6476 20664
7189 431 6476 84222
7189 431 6476 801166
7189 139213
7189 139213 2413750
7189 139213 2413750 140935
7189 139213 2413750 23576
7189 139213 2413750 743243
7189 139213 1347 1463
7189 139213 1347 1681
7189 139213 1347 397095
7189 139213 1347 74699
7189 146235 1671 4464
7189 146235 203156 200282
7189 146235 203156 96905
7189 146235 203156
7189 146235 203156 140935
7189 146235 203156 23576
7189 146235 203156 96889
7189 146235 203156 943652
7189 146235 203156 158881
7189 146235 203156 54486
7189 146235 203156 6476
7189 146235 200282 203156
7189 146235 200282 96905
7189 146235 200282
7189 146235 200282 140935
7189 146235 200282 23576
7189 146235 200282 96889
7189 146235 200282 20664
7189 146235 200282 158881
7189 146235 200282 54486
7189 146235 200282 37983
7189 146235 200282 6476
7189 146235 96905
7189 146235 96905 54486
7189 146235 9359 6476
7189 146235
7189 146235 140935
7189 146235 140935 20664
7189 146235 140935 743243
7189 146235 140935 158881
7189 146235 140935 54486
7189 146235 140935 743437
7189 146235 200285 200282
7189 146235 200285 96905
7189 146235 200285 96889
7189 146235 200285 943652
7189 146235 200285 158881
7189 146235 200285 6476
7189 146235 200284 96889
7189 146235 23576 203156
7189 146235 23576 200282
7189 146235 23576
7189 146235 23576 140935
7189 146235 23576 96889
7189 146235 23576 158881
7189 146235 23576 54486
7189 146235 23576 37983
7189 146235 23576 6476
7189 146235 96889 203156
7189 146235 96889 200282
7189 146235 96889 96905
7189 146235 96889
7189 146235 96889 140935
7189 146235 96889 23576
7189 146235 96889 943652
7189 146235 96889 158881
7189 146235 96889 54486
7189 146235 96889 6476
7189 146235 20664
7189 146235 158881
7189 146235 158881 140935
7189 146235 158881 23576
7189 146235 158881 20664
7189 146235 158881 54486
7189 146235 54486
7189 146235 54486 140935
7189 146235 54486 743243
7189 146235 54486 158881
7189 146235 6476 309695
7189 146235 6476
7189 146235 6476 20664
7189 146235 6476 84222
7189 146235 6476 801166
7189 123319 6993 6537
7189 123319 33193 6537
7189 6506 41 6507
7189 6506 41 6476
7189 6506 6563 96905
7189 6506 6563 309695
7189 6506 6563 23576
7189 6506 6563 96889
7189 6506 6563 20664
7189 6506 6563 743243
7189 6506 6563 5936
7189 6506 6563 312359
7189 6506 6563 54486
7189 6506 6563 4464
7189 6506 19164 1681
7189 6506 116346 6476
7189 6506 50527 6476
7189 6506 394659 6476
7189 6506 34033 6507
7189 6506 6507
7189 6506 123412 309695
7189 6506 6478 6476
7189 6506 8852 6476
7189 6506 405548 6476
7189 6506 4733 10518
7189 6506 4733 17598
7189 143509 64985
7189 143509 64985 37983
7189 96889 1598 1681
7189 96889 1479 1681
7189 96889 203156 200282
7189 96889 203156 96905
7189 96889 203156
7189 96889 203156 140935
7189 96889 203156 23576
7189 96889 203156 146235
7189 96889 203156 943652
7189 96889 203156 158881
7189 96889 203156 54486
7189 96889 203156 6476
7189 96889 200282 203156
7189 96889 200282 96905
7189 96889 200282
7189 96889 200282 140935
7189 96889 200282 23576
7189 96889 200282 146235
7189 96889 200282 20664
7189 96889 200282 158881
7189 96889 200282 54486
7189 96889 200282 37983
7189 96889 200282 6476
7189 96889 202782 203156
7189 96889 202782 200282
7189 96889 96905
7189 96889 96905 54486
7189 96889 140927 140935
7189 96889 140927 23576
7189 96889 140927 146235
7189 96889 140927 20664
7189 96889 140927 158881
7189 96889 140927 54486
7189 96889 140927 6476
7189 96889
7189 96889 140935
7189 96889 140935 146235
7189 96889 140935 20664
7189 96889 140935 743243
7189 96889 140935 158881
7189 96889 140935 54486
7189 96889 140935 743437
7189 96889 200285 200282
7189 96889 200285 96905
7189 96889 200285 146235
7189 96889 200285 943652
7189 96889 200285 158881
7189 96889 200285 6476
7189 96889 23576 203156
7189 96889 23576 200282
7189 96889 23576
7189 96889 23576 140935
7189 96889 23576 146235
7189 96889 23576 158881
7189 96889 23576 54486
7189 96889 23576 37983
7189 96889 23576 6476
7189 96889 146235 203156
7189 96889 146235 200282
7189 96889 146235 96905
7189 96889 146235
7189 96889 146235 140935
7189 96889 146235 23576
7189 96889 146235 20664
7189 96889 146235 158881
7189 96889 146235 54486
7189 96889 146235 6476
7189 96889 943652 96905
7189 96889 943652
7189 96889 943652 140935
7189 96889 943652 146235
7189 96889 943652 158881
7189 96889 943652 54486
7189 96889 158881
7189 96889 158881 140935
7189 96889 158881 23576
7189 96889 158881 146235
7189 96889 158881 20664
7189 96889 158881 54486
7189 96889 298205 96905
7189 96889 298205 743243
7189 96889 298205 5936
7189 96889 298205 54486
7189 96889 45155 801166
7189 96889 45155 6476
7189 96889 45155 4464
7189 96889 54486
7189 96889 54486 140935
7189 96889 54486 146235
7189 96889 54486 743243
7189 96889 54486 158881
7189 96889 6476 309695
7189 96889 6476
7189 96889 6476 20664
7189 96889 6476 84222
7189 96889 6476 801166
7189 96889 6364 200282
7189 96889 6364 96905
7189 96889 6364 139213
7189 96889 6364 140935
7189 96889 6364 23576
7189 96889 6364 146235
7189 96889 6364 20664
7189 96889 6364 943652
7189 96889 6364 158881
7189 96889 6364 54486
7189 96889 6364 6476
7189 31805 69550 4464
7189 31805 188957 6369
7189 31805 6387 6369
7189 452621 43401 6537
7189 452621 41 6507
7189 452621 41 6476
7189 452621 38178 42524
7189 452621 8833 6369
7189 452621 9844 12561
7189 452621 9844 74699
7189 452621 6506 6507
7189 452621 451885 6537
7189 452621 50527 6476
7189 452621 7237 64985
7189 452621 35004 6476
7189 452621 313959 6476
7189 452621 6507
7189 452621 45155 801166
7189 452621 45155 6476
7189 452621 45155 4464
7189 452621 51869 31784
7189 452621 43095 309695
7189 452621 43095 801166
7189 451889 451885 6537
7189 50527 41 6507
7189 50527 41 6476
7189 50527 63450 50289
7189 50527 174366 6476
7189 50527 401064 6476
7189 50527 4428 37983
7189 50527 4725 6476
7189 50527 6506 6507
7189 50527 65911 6476
7189 50527 452621 6507
7189 50527 26288 20664
7189 50527 26288 6476
7189 50527 26288 4464
7189 50527 7237 64985
7189 50527 34033 6507
7189 50527 308558 1458085
7189 50527 35004 6476
7189 50527 313959 6476
7189 50527 6502 6476
7189 50527 45155 801166
7189 50527 45155 6476
7189 50527 45155 4464
7189 50527 6162 4464
7189 50527 65871 64985
7189 50527 273405 6476
7189 50527 6476 309695
7189 50527 6476
7189 50527 6476 20664
7189 50527 6476 84222
7189 50527 6476 801166
7189 20664
7189 908497
7189 908497 74699
7189 908497 74699 215774
7189 908497 273548 74699
7189 908497 273548 6476
7189 908497 23082 1458085
7189 908497 215437 215774
7189 908497 215437 6476
7189 908497 393486 354474
7189 908497 393486 50289
7189 908497 393486 6537
7189 908497 393486 20664
7189 908497 393486 74699
7189 908497 393486 6476
7189 22284 50527 6476
7189 22284 26288 20664
7189 22284 26288 6476
7189 22284 26288 4464
7189 743243 2143 1681
7189 743243 2172 1681
7189 743243 2204 1681
7189 743243 2118 1681
7189 743243 2151 1681
7189 743243 2154 1681
7189 743243 2156 1681
7189 743243 2161 1681
7189 743243 121593 20664
7189 743243 121593 943652
7189 743243 767255 1681
7189 743243 200282 203156
7189 743243 200282 96905
7189 743243 200282
7189 743243 200282 140935
7189 743243 200282 23576
7189 743243 200282 146235
7189 743243 200282 96889
7189 743243 200282 20664
7189 743243 200282 158881
7189 743243 200282 54486
7189 743243 200282 37983
7189 743243 200282 6476
7189 743243 96905
7189 743243 96905 54486
7189 743243 83231 74699
7189 743243 83231 267099
7189 743243 256 774006
7189 743243 256 1577605
7189 743243 256 67767
7189 743243 256 393749
7189 743243 366417 4464
7189 743243 4428 37983
7189 743243 6994 6476
7189 743243 6563 96905
7189 743243 6563 309695
7189 743243 6563 23576
7189 743243 6563 96889
7189 743243 6563 20664
7189 743243 6563 5936
7189 743243 6563 312359
7189 743243 6563 54486
7189 743243 6563 4464
7189 743243 624037 1463
7189 743243 624037 10518
7189 743243 9844 12561
7189 743243 9844 74699
7189 743243 6779 1463
7189 743243 7236 6476
7189 743243 451 12561
7189 743243 451 4464
7189 743243 100646 1681
7189 743243
7189 743243 140935
7189 743243 140935 146235
7189 743243 140935 20664
7189 743243 140935 158881
7189 743243 140935 54486
7189 743243 140935 743437
7189 743243 200285 200282
7189 743243 200285 96905
7189 743243 200285 146235
7189 743243 200285 96889
7189 743243 200285 943652
7189 743243 200285 158881
7189 743243 200285 6476
7189 743243 200284 96889
7189 743243 23576 203156
7189 743243 23576 200282
7189 743243 23576
7189 743243 23576 140935
7189 743243 23576 146235
7189 743243 23576 96889
7189 743243 23576 158881
7189 743243 23576 54486
7189 743243 23576 37983
7189 743243 23576 6476
7189 743243 146235 203156
7189 743243 146235 200282
7189 743243 146235 96905
7189 743243 146235
7189 743243 146235 140935
7189 743243 146235 23576
7189 743243 146235 96889
7189 743243 146235 20664
7189 743243 146235 158881
7189 743243 146235 54486
7189 743243 146235 6476
7189 743243 64985
7189 743243 64985 37983
7189 743243 96889 203156
7189 743243 96889 200282
7189 743243 96889 96905
7189 743243 96889
7189 743243 96889 140935
7189 743243 96889 23576
7189 743243 96889 146235
7189 743243 96889 943652
7189 743243 96889 158881
7189 743243 96889 54486
7189 743243 96889 6476
7189 743243 50527 6476
7189 743243 26288 20664
7189 743243 26288 6476
7189 743243 26288 4464
7189 743243 2286133 6537
7189 743243 6537
7189 743243 6537 7759
7189 743243 6537 5936
7189 743243 6537 312359
7189 743243 6537 6476
7189 743243 6537 4464
7189 743243 943652 96905
7189 743243 943652
7189 743243 943652 140935
7189 743243 943652 146235
7189 743243 943652 96889
7189 743243 943652 158881
7189 743243 943652 54486
7189 743243 133060 38530
7189 743243 74699
7189 743243 74699 908497
7189 743243 74699 215774
7189 743243 744113
7189 743243 11503 64985
7189 743243 11503 74699
7189 743243 11503 6476
7189 743243 11503 4464
7189 743243 180272 1681
7189 743243 383524 31580
7189 743243 23191 1681
7189 743243 158881
7189 743243 158881 140935
7189 743243 158881 23576
7189 743243 158881 146235
7189 743243 158881 20664
7189 743243 158881 54486
7189 743243 9784 6476
7189 743243 7080 354474
7189 743243 7080 146235
7189 743243 7080 20664
7189 743243 7080 158881
7189 743243 7080 6476
7189 743243 563726 744113
7189 743243 95837 5936
7189 743243 95837 312359
7189 743243 95837 6476
7189 743243 95837 4464
7189 743243 200247 200282
7189 743243 200247 6476
7189 743243 49351 54486
7189 743243 771957 6537
7189 743243 771957 5936
7189 743243 312359
7189 743243 312359 50289
7189 743243 312359 908497
7189 743243 6389 1681
7189 743243 54486
7189 743243 54486 140935
7189 743243 54486 146235
7189 743243 54486 158881
7189 743243 3412 67767
7189 743243 12483 1463
7189 743243 5956 5936
7189 743243 743437
7189 743243 743437 140935
7189 743243 743437 146235
7189 743243 743437 64985
7189 743243 743437 6537
7189 743243 743437 20664
7189 743243 743437 74699
7189 743243 743437 158881
7189 743243 743437 6476
7189 743243 67893 67767
7189 743243 4733 10518
7189 743243 4733 17598
7189 743243 1354 1463
7189 743243 1354 393749
7189 743243 6476 309695
7189 743243 6476
7189 743243 6476 20664
7189 743243 6476 84222
7189 743243 6476 801166
7189 743243 6364 200282
7189 743243 6364 96905
7189 743243 6364 139213
7189 743243 6364 140935
7189 743243 6364 23576
7189 743243 6364 146235
7189 743243 6364 96889
7189 743243 6364 20664
7189 743243 6364 943652
7189 743243 6364 158881
7189 743243 6364 54486
7189 743243 6364 6476
7189 743243 17475 1681
7189 743243 230667 254520
7189 13257 6537
7189 13257 6537 7759
7189 13257 6537 5936
7189 13257 6537 312359
7189 13257 6537 6476
7189 13257 6537 4464
7189 13257 69411 4464
7189 13257 5963 1681
7189 13257 26493 4464
7189 13257 88794 4464
7189 13257 4464 31784
7189 13257 4464
7189 13257 4464 50289
7189 13257 4464 6537
7189 13257 4464 23660
7189 13257 4464 5936
7189 13257 4464 37983
7189 13257 4464 6476
7189 9680 1652 1681
7189 9680 1652 166895
7189 9680 94 1463
7189 9680 4728 6476
7189 9680 645922 6476
7189 9680 645922 4464
7189 9680 431 31580
7189 9680 431 6476
7189 9680 7236 6476
7189 9680 9359 6476
7189 9680 9679 4464
7189 9680 28752 6476
7189 9680 26493 4464
7189 9680 65171 20664
7189 9680 6476 309695
7189 9680 6476
7189 9680 6476 20664
7189 9680 6476 84222
7189 9680 6476 801166
7189 158881 6563 96905
7189 158881 6563 309695
7189 158881 6563 23576
7189 158881 6563 96889
7189 158881 6563 20664
7189 158881 6563 743243
7189 158881 6563 5936
7189 158881 6563 312359
7189 158881 6563 54486
7189 158881 6563 4464
7189 158881
7189 158881 140935
7189 158881 140935 146235
7189 158881 140935 20664
7189 158881 140935 743243
7189 158881 140935 54486
7189 158881 140935 743437
7189 158881 23576 203156
7189 158881 23576 200282
7189 158881 23576
7189 158881 23576 140935
7189 158881 23576 146235
7189 158881 23576 96889
7189 158881 23576 54486
7189 158881 23576 37983
7189 158881 23576 6476
7189 158881 146235 203156
7189 158881 146235 200282
7189 158881 146235 96905
7189 158881 146235
7189 158881 146235 140935
7189 158881 146235 23576
7189 158881 146235 96889
7189 158881 146235 20664
7189 158881 146235 54486
7189 158881 146235 6476
7189 158881 20664
7189 158881 7080 354474
7189 158881 7080 146235
7189 158881 7080 20664
7189 158881 7080 743243
7189 158881 7080 6476
7189 158881 54486
7189 158881 54486 140935
7189 158881 54486 146235
7189 158881 54486 743243
7189 801166
7189 801166 943652 96905
7189 801166 943652
7189 801166 943652 140935
7189 801166 943652 146235
7189 801166 943652 96889
7189 801166 943652 158881
7189 801166 943652 54486
7189 801166 6476 309695
7189 801166 6476
7189 801166 6476 20664
7189 801166 6476 84222
7189 7080 1609 10518
7189 7080 1674 312359
7189 7080 354474 118522
7189 7080 354474
7189 7080 354474 38307
7189 7080 146235 203156
7189 7080 146235 200282
7189 7080 146235 96905
7189 7080 146235
7189 7080 146235 140935
7189 7080 146235 23576
7189 7080 146235 96889
7189 7080 146235 20664
7189 7080 146235 158881
7189 7080 146235 54486
7189 7080 146235 6476
7189 7080 20664
7189 7080 743243 200282
7189 7080 743243 96905
7189 7080 743243
7189 7080 743243 140935
7189 7080 743243 23576
7189 7080 743243 146235
7189 7080 743243 64985
7189 7080 743243 96889
7189 7080 743243 6537
7189 7080 743243 943652
7189 7080 743243 74699
7189 7080 743243 744113
7189 7080 743243 158881
7189 7080 743243 312359
7189 7080 743243 54486
7189 7080 743243 743437
7189 7080 743243 6476
7189 7080 158881
7189 7080 158881 140935
7189 7080 158881 23576
7189 7080 158881 146235
7189 7080 158881 20664
7189 7080 158881 54486
7189 7080 298205 96905
7189 7080 298205 743243
7189 7080 298205 5936
7189 7080 298205 54486
7189 7080 6476 309695
7189 7080 6476
7189 7080 6476 20664
7189 7080 6476 84222
7189 7080 6476 801166
7189 7080 6364 200282
7189 7080 6364 96905
7189 7080 6364 139213
7189 7080 6364 140935
7189 7080 6364 23576
7189 7080 6364 146235
7189 7080 6364 96889
7189 7080 6364 20664
7189 7080 6364 943652
7189 7080 6364 158881
7189 7080 6364 54486
7189 7080 6364 6476
7189 1458085
7189 1458085 52775 1681
7189 1458085 393486 354474
7189 1458085 393486 50289
7189 1458085 393486 6537
7189 1458085 393486 20664
7189 1458085 393486 74699
7189 1458085 393486 908497
7189 1458085 393486 6476
7189 298205 41 6507
7189 298205 41 6476
7189 298205 96905
7189 298205 96905 54486
7189 298205 6563 96905
7189 298205 6563 309695
7189 298205 6563 23576
7189 298205 6563 96889
7189 298205 6563 20664
7189 298205 6563 743243
7189 298205 6563 5936
7189 298205 6563 312359
7189 298205 6563 54486
7189 298205 6563 4464
7189 298205 96987 96889
7189 298205 7237 64985
7189 298205 12384 6369
7189 298205 12384 64985
7189 298205 743243 200282
7189 298205 743243 96905
7189 298205 743243
7189 298205 743243 140935
7189 298205 743243 23576
7189 298205 743243 146235
7189 298205 743243 64985
7189 298205 743243 96889
7189 298205 743243 6537
7189 298205 743243 943652
7189 298205 743243 74699
7189 298205 743243 744113
7189 298205 743243 158881
7189 298205 743243 312359
7189 298205 743243 54486
7189 298205 743243 743437
7189 298205 743243 6476
7189 298205 1461055 5936
7189 298205 1461055 37983
7189 298205 1461055 6476
7189 298205 1063076 5936
7189 298205 7715 50289
7189 298205 7715 6537
7189 298205 7715 38237
7189 298205 7715 979400
7189 298205 7715 5936
7189 298205 5936
7189 298205 5936 660710
7189 298205 54486
7189 298205 54486 140935
7189 298205 54486 146235
7189 298205 54486 743243
7189 298205 54486 158881
7189 298205 32306 84222
7189 45155 41 6507
7189 45155 41 6476
7189 45155 63450 50289
7189 45155 6506 6507
7189 45155 139052 50289
7189 45155 5669 2515771
7189 45155 89517 6476
7189 45155 7610 6537
7189 45155 7610 38237
7189 45155 17561 6537
7189 45155 2291431 6476
7189 45155 14643 6476
7189 45155 801166
7189 45155 801166 943652
7189 45155 801166 6476
7189 45155 25150 1463
7189 45155 6502 6476
7189 45155 21479 6537
7189 45155 21479 6476
7189 45155 575802 4464
7189 45155 621762 38530
7189 45155 285399 4714
7189 45155 285399 2515771
7189 45155 393486 354474
7189 45155 393486 50289
7189 45155 393486 6537
7189 45155 393486 20664
7189 45155 393486 74699
7189 45155 393486 908497
7189 45155 393486 6476
7189 45155 6476 309695
7189 45155 6476
7189 45155 6476 20664
7189 45155 6476 84222
7189 45155 6476 801166
7189 45155 4464 31784
7189 45155 4464
7189 45155 4464 50289
7189 45155 4464 6537
7189 45155 4464 23660
7189 45155 4464 5936
7189 45155 4464 37983
7189 45155 4464 6476
7189 4796 2318 1681
7189 4796 1455 1681
7189 4796 4728 6476
7189 4796 50527 6476
7189 4796 842013 6476
7189 4796 14643 6476
7189 4796 55337 1463
7189 4796 21479 6537
7189 4796 21479 6476
7189 4796 820970 6476
7189 4796 8285 42524
7189 4796 9678 6476
7189 4796 9704 6476
7189 4796 3659 1681
7189 4796 732196 4464
7189 124351 4728 6476
7189 124351 7236 6476
7189 124351 1259077 6476
7189 124351 9678 6476
7189 124351 2577299 6476
7189 124351 2577913 6476
7189 124351 303420 6476
7189 54486 1491 1681
7189 54486 1491 10518
7189 54486 1453 1681
7189 54486 5320 4464
7189 54486 3413 10518
7189 54486 140927 140935
7189 54486 140927 23576
7189 54486 140927 146235
7189 54486 140927 20664
7189 54486 140927 158881
7189 54486 140927 6476
7189 54486 6563 96905
7189 54486 6563 309695
7189 54486 6563 23576
7189 54486 6563 96889
7189 54486 6563 20664
7189 54486 6563 743243
7189 54486 6563 5936
7189 54486 6563 312359
7189 54486 6563 4464
7189 54486
7189 54486 140935
7189 54486 140935 146235
7189 54486 140935 20664
7189 54486 140935 743243
7189 54486 140935 158881
7189 54486 140935 743437
7189 54486 146235 203156
7189 54486 146235 200282
7189 54486 146235 96905
7189 54486 146235
7189 54486 146235 140935
7189 54486 146235 23576
7189 54486 146235 96889
7189 54486 146235 20664
7189 54486 146235 158881
7189 54486 146235 6476
7189 54486 50527 6476
7189 54486 743243 200282
7189 54486 743243 96905
7189 54486 743243
7189 54486 743243 140935
7189 54486 743243 23576
7189 54486 743243 146235
7189 54486 743243 64985
7189 54486 743243 96889
7189 54486 743243 6537
7189 54486 743243 943652
7189 54486 743243 74699
7189 54486 743243 744113
7189 54486 743243 158881
7189 54486 743243 312359
7189 54486 743243 743437
7189 54486 743243 6476
7189 54486 13257 6537
7189 54486 13257 4464
7189 54486 158881
7189 54486 158881 140935
7189 54486 158881 23576
7189 54486 158881 146235
7189 54486 158881 20664
7189 54486 6829 1681
7189 96888 6537
7189 96888 6537 7759
7189 96888 6537 5936
7189 96888 6537 312359
7189 96888 6537 6476
7189 96888 6537 4464
7189 96888 37983
7189 96888 37983 64985
7189 96888 37983 908497
7189 96888 37983 312359
7189 96888 37983 4464
7189 6386 121743 139213
7189 6386 121743 6537
7189 6386 121743 5936
7189 6386 121743 170321
7189 5956 12375 50289
7189 5956 12375 6537
7189 5956 83645 5936
7189 5956 176638 6476
7189 5956 690615 5936
7189 5956 690615 6476
7189 5956 14643 6476
7189 5956 5936
7189 5956 5936 660710
7189 5956 38992 4464
7189 393486 42975 6476
7189 393486 9510 37983
7189 393486 9510 6476
7189 393486 354474 118522
7189 393486 354474
7189 393486 354474 38307
7189 393486 9359 6476
7189 393486 143509 64985
7189 393486 50527 6476
7189 393486 50289 309695
7189 393486 50289
7189 393486 50289 743243
7189 393486 50289 5936
7189 393486 50289 312359
7189 393486 50289 37983
7189 393486 50289 4464
7189 393486 16121 50289
7189 393486 6537
7189 393486 6537 7759
7189 393486 6537 5936
7189 393486 6537 312359
7189 393486 6537 6476
7189 393486 6537 4464
7189 393486 20664
7189 393486 179065 6476
7189 393486 74699
7189 393486 74699 908497
7189 393486 74699 215774
7189 393486 273548 74699
7189 393486 273548 908497
7189 393486 273548 6476
7189 393486 908497
7189 393486 908497 74699
7189 393486 233557 6537
7189 393486 233557 23660
7189 393486 233557 233513
7189 393486 665046 6476
7189 393486 305230 64985
7189 393486 305230 6476
7189 393486 305230 4464
7189 393486 169428 325488
7189 393486 6476 309695
7189 393486 6476
7189 393486 6476 20664
7189 393486 6476 84222
7189 393486 6476 801166
7189 6476 41 6507
7189 6476 44719 979400
7189 6476 6382 405086
7189 6476 6382 6369
7189 6476 6382 50289
7189 6476 6382 37983
7189 6476 21476 37983
7189 6476 19272 312359
7189 6476 695606 31580
7189 6476 309695 2397455
7189 6476 309695
7189 6476 309695 50289
7189 6476 309695 908497
7189 6476 309695 325488
7189 6476 309695 84222
7189 6476 309695 37983
7189 6476 140927 140935
7189 6476 140927 23576
7189 6476 140927 146235
7189 6476 140927 20664
7189 6476 140927 158881
7189 6476 140927 54486
7189 6476 28353 325294
7189 6476 90533 84222
7189 6476
7189 6476 50659 4464
7189 6476 176637 50289
7189 6476 176637 37983
7189 6476 176637 234030
7189 6476 6506 6507
7189 6476 24022 6537
7189 6476 24022 325488
7189 6476 24022 37983
7189 6476 20664
7189 6476 14799 50289
7189 6476 18810 6537
7189 6476 18810 4464
7189 6476 1283100 140935
7189 6476 1283100 943652
7189 6476 1283100 782309
7189 6476 1283100 84222
7189 6476 1283100 801166
7189 6476 84222
7189 6476 12384 6369
7189 6476 12384 64985
7189 6476 808556 309695
7189 6476 808556 84222
7189 6476 801166
7189 6476 801166 943652
7189 6476 175865 146235
7189 6476 175865 158881
7189 6476 175865 801166
7189 6476 284190 4464
7189 6476 45155 801166
7189 6476 45155 4464
7189 6476 1254116 1463
7189 6476 1254116 31580
7189 6476 21479 6537
7189 6476 90528 50289
7189 6476 393486 354474
7189 6476 393486 50289
7189 6476 393486 6537
7189 6476 393486 20664
7189 6476 393486 74699
7189 6476 393486 908497
7189 6476 6364 200282
7189 6476 6364 96905
7189 6476 6364 139213
7189 6476 6364 140935
7189 6476 6364 23576
7189 6476 6364 146235
7189 6476 6364 96889
7189 6476 6364 20664
7189 6476 6364 943652
7189 6476 6364 158881
7189 6476 6364 54486
7189 6476 5173 6537
7189 931444 6476 309695
7189 931444 6476
7189 931444 6476 20664
7189 931444 6476 84222
7189 931444 6476 801166
7189 6918 47174 6537
7189 6918 47174 37983
7189 6918 47174 4464
7189 6918 3899 1463
7189 6918 5028 1463
7189 6918 9844 12561
7189 6918 9844 74699
7189 6918 6779 1463
7189 6918 171784 6537
7189 6918 171784 20664
7189 6918 4733 10518
7189 6918 4733 17598
7189 6918 1948254 6537
7189 6918 1948254 4464
7189 6918 230667 254520
