18491 8854 8840 8116
18491 8854 8691 8116
18491 8854 3308 8116
18491 8854 9078 8116
18491 8854 7018 8116
18491 8854 8688 8116
18491 8854 8688 2771
18491 8854 1941 8116
18491 8854 8266 8116
18491 8854 9545 8116
18491 8854 8935 8116
18491 8854 8595 125154
18491 8854 7731 8116
18491 8854 9603 8116
18491 8854 9570 8116
18491 8854 9479 8116
18491 8854 9035 8116
18491 8854 7016 8116
18491 8854 9610 8116
18491 8854 9412 8116
18491 8854 9839 8116
18491 8854 9774 8116
18491 8854 9433 597630
18491 8854 11969 6981
18491 8854 11969 24696
18491 8854 11969 5347
18491 8854 812 8116
18491 8854 8975 8116
18491 8854 7828 8116
18491 8854 8134 8116
18491 8854 9579 8116
18491 8854 7861 8116
18491 8854 3721 8116
18491 8854 8033 8116
18491 8854 8163 8116
18491 8854 8262 8116
18491 8854 8262 5347
18491 8854 3333282 8116
18491 8854 3333282 2771
18491 8854 7585 5347
18491 8854 4106 8116
18491 8854 7043 8116
18491 8854 9617 8116
18491 8854 8834 8116
18491 8854 8855 8116
18491 8854 8914 8116
18491 8854 9339 8116
18491 8854 8635 8116
18491 8854 7581 8116
18491 8854 9562 8116
18491 8854 8798 8116
18491 8854 8038 8116
18491 8854 8231 8116
18491 8854 8716 8116
18491 8854 8792 8116
18491 8854 4406 8116
18491 8854 8791 8116
18491 8854 8058 8116
18491 8854 7637 8116
18491 8854 9439 8116
18491 8854 3731 8116
18491 8854 8060 8116
18491 8854 8060 2771
18491 8854 8835 13068
18491 8854 8835 43000
18491 8854 9028 8116
18491 8854 7715 8116
18491 8854 9052 8116
18491 8854 9052 2771
18491 8854 9566 6049
18491 8854 9567 8116
18491 8854 252679 6981
18491 8854 5299 5347
18491 8854 5299 16297
18491 8854 5304 28652
18491 8854 6080 192052
18491 8854 153963 28652
18491 8854 113360 113307
18491 8854 625586 4815
18491 8854 625583 8116
18491 8854 625583 4815
18491 8854 580150 8116
18491 8854 6320 18130
18491 8854 6345 5347
18491 8854 391297 5347
18491 8854 490441 6049
18491 8854 6033 28652
18491 8854 854389 8116
18491 8293 8840 8116
18491 8293 8019 8116
18491 8293 9573 2771
18491 8293 8774 8116
18491 8293 9078 8116
18491 8293 9081 8116
18491 8293 6075 2771
18491 8293 8024 8116
18491 8293 7731 8116
18491 8293 9603 8116
18491 8293 3640 8116
18491 8293 9400 8116
18491 8293 9035 8116
18491 8293 6888 8116
18491 8293 7016 8116
18491 8293 1083 2771
18491 8293 9086 8116
18491 8293 8263 5347
18491 8293 9839 8116
18491 8293 9431 8116
18491 8293 9431 2771
18491 8293 9093 18036
18491 8293 8114 8116
18491 8293 8114 139237
18491 8293 6482 12807
18491 8293 6482 192052
18491 8293 8221 20177
18491 8293 8299 8116
18491 8293 3718 8116
18491 8293 9303 8116
18491 8293 601036 8116
18491 8293 9399 8116
18491 8293 8912 8116
18491 8293 9131 8116
18491 8293 8129 8116
18491 8293 9484 8116
18491 8293 9444 8116
18491 8293 8163 8116
18491 8293 3333282 8116
18491 8293 3333282 2771
18491 8293 9003 8116
18491 8293 4106 8116
18491 8293 8274 8116
18491 8293 8834 8116
18491 8293 9560 8116
18491 8293 9339 8116
18491 8293 8399 8116
18491 8293 4394 8116
18491 8293 7193 8116
18491 8293 7247 8116
18491 8293 802 8116
18491 8293 8104 8116
18491 8293 8127 8116
18491 8293 8248 8116
18491 8293 1961 8116
18491 8293 8909 8116
18491 8293 8038 8116
18491 8293 8231 8116
18491 8293 8791 8116
18491 8293 9416 8116
18491 8293 7151 8116
18491 8293 9439 8116
18491 8293 8059 8116
18491 8293 8001 8116
18491 8293 8947 8116
18491 8293 8539 8116
18491 8293 4892 2771
18491 8293 8829 8116
18491 8293 9273 6049
18491 8293 9273 2771
18491 8293 9052 8116
18491 8293 9052 2771
18491 8293 8952 8116
18491 8293 8952 2771
18491 8293 8065 8116
18491 8293 320583 8116
18491 8293 8297 28652
18491 8293 5315 16297
18491 8293 5315 18036
18491 8293 6260 13068
18491 8293 4395 4815
18491 8293 413892 8116
18491 8293 462917 20177
18491 8293 2690 4815
18491 8293 6889 1219612
18491 8293 625591 4815
18491 8293 625541 4815
18491 8293 391297 5347
18491 7017 8019 8116
18491 7017 9185 8116
18491 7017 8691 8116
18491 7017 3308 8116
18491 7017 9078 8116
18491 7017 7018 8116
18491 7017 8688 8116
18491 7017 8688 2771
18491 7017 8096 8116
18491 7017 8096 2771
18491 7017 9007 8116
18491 7017 8022 8116
18491 7017 9081 8116
18491 7017 1941 8116
18491 7017 8266 8116
18491 7017 6075 2771
18491 7017 8023 8116
18491 7017 8935 8116
18491 7017 8903 8116
18491 7017 9478 8116
18491 7017 8595 125154
18491 7017 8687 8116
18491 7017 7731 8116
18491 7017 9603 8116
18491 7017 3640 8116
18491 7017 8025 24466
18491 7017 9400 8116
18491 7017 9092 6049
18491 7017 8067 8116
18491 7017 8027 8116
18491 7017 7016 8116
18491 7017 9610 8116
18491 7017 3654 8116
18491 7017 9412 8116
18491 7017 1083 2771
18491 7017 7734 8116
18491 7017 9086 8116
18491 7017 7996 8116
18491 7017 9774 8116
18491 7017 8942 8116
18491 7017 9481 8116
18491 7017 8069 8116
18491 7017 9431 8116
18491 7017 9431 2771
18491 7017 9005 8116
18491 7017 9522 5347
18491 7017 8554 8116
18491 7017 7998 8116
18491 7017 8719 8116
18491 7017 8294 8116
18491 7017 8294 12807
18491 7017 8294 29026
18491 7017 8190 5347
18491 7017 8000 5347
18491 7017 8133 8116
18491 7017 8682 8116
18491 7017 8128 8116
18491 7017 8128 5347
18491 7017 8555 8116
18491 7017 7549 8116
18491 7017 7285 8116
18491 7017 7285 75465
18491 7017 6566 8116
18491 7017 7209 6981
18491 7017 7289 8116
18491 7017 7290 13068
18491 7017 7292 13068
18491 7017 7547 13068
18491 7017 7324 8116
18491 7017 7324 6049
18491 7017 7069 6049
18491 7017 5206 8116
18491 7017 8107 8116
18491 7017 803 8116
18491 7017 1957 8116
18491 7017 8202 8116
18491 7017 7819 8116
18491 7017 7819 237435
18491 7017 8070 8116
18491 7017 9553 8116
18491 7017 8600 87997
18491 7017 9490 8116
18491 7017 3718 8116
18491 7017 7829 8116
18491 7017 9192 8116
18491 7017 9399 8116
18491 7017 8134 8116
18491 7017 3719 8116
18491 7017 8129 8116
18491 7017 9557 8116
18491 7017 3721 8116
18491 7017 9444 8116
18491 7017 8163 8116
18491 7017 3333282 8116
18491 7017 3333282 2771
18491 7017 9003 8116
18491 7017 9493 8116
18491 7017 3722 8116
18491 7017 7585 5347
18491 7017 8034 5347
18491 7017 8034 125154
18491 7017 9584 8116
18491 7017 9584 237435
18491 7017 7583 8116
18491 7017 4106 8116
18491 7017 8274 8116
18491 7017 8834 8116
18491 7017 8855 8116
18491 7017 5875 8116
18491 7017 8914 8116
18491 7017 9181 192052
18491 7017 9587 8116
18491 7017 8635 8116
18491 7017 9013 8116
18491 7017 9013 2771
18491 7017 7581 8116
18491 7017 8036 8116
18491 7017 1927 8116
18491 7017 9589 8116
18491 7017 9589 75465
18491 7017 9589 18036
18491 7017 802 8116
18491 7017 1960 8116
18491 7017 8037 8116
18491 7017 8127 8116
18491 7017 8248 8116
18491 7017 1961 8116
18491 7017 8604 8116
18491 7017 8231 8116
18491 7017 4807 8116
18491 7017 8716 8116
18491 7017 8792 8116
18491 7017 7552 8116
18491 7017 8223 8116
18491 7017 8223 6049
18491 7017 8058 8116
18491 7017 4806 8116
18491 7017 9240 8116
18491 7017 9594 8116
18491 7017 7151 8116
18491 7017 9247 8116
18491 7017 7550 8116
18491 7017 7917 8116
18491 7017 8793 8116
18491 7017 3731 8116
18491 7017 8060 8116
18491 7017 8060 2771
18491 7017 4890 8116
18491 7017 1943 2771
18491 7017 7713 8116
18491 7017 7005 8116
18491 7017 9524 8116
18491 7017 9262 87997
18491 7017 4404 8116
18491 7017 8829 8116
18491 7017 4893 8116
18491 7017 4893 2771
18491 7017 9273 6049
18491 7017 9273 2771
18491 7017 7715 8116
18491 7017 8836 8116
18491 7017 8065 8116
18491 7017 7716 8116
18491 7017 9567 8116
18491 7017 57337 5347
18491 7017 130481 6049
18491 7017 108813 16297
18491 7017 108813 29026
18491 7017 31057 5347
18491 7017 25020 6981
18491 7017 5773 12807
18491 7017 5773 16297
18491 7017 4395 4815
18491 7017 55156 16297
18491 7017 5299 5347
18491 7017 5299 16297
18491 7017 30642 8116
18491 7017 629418 8116
18491 7017 5328 16297
18491 7017 2063 13068
18491 7017 433026 6981
18491 7017 85760 20177
18491 7017 27621 28652
18491 7017 1048 6981
18491 7017 6210 13068
18491 7017 11467 16298
18491 7017 17424 20177
18491 7017 625584 4815
18491 7017 625583 8116
18491 7017 625583 4815
18491 7017 534536 28652
18491 7017 75181 16297
18491 7017 95957 6981
18491 7017 4869 6981
18491 7017 110103 28652
18491 7017 2818 4815
18491 7017 16297 24696
18491 7017 16297 509829
18491 7017 16297
18491 7017 16297 28652
18491 7017 16297 16298
18491 7017 391297 5347
18491 7017 2277 8116
18491 7017 490441 6049
18491 7017 6033 28652
18491 8596 8840 8116
18491 8596 8258 8116
18491 8596 3724 8116
18491 8596 8019 8116
18491 8596 9185 8116
18491 8596 9074 8116
18491 8596 7718 8116
18491 8596 7718 20177
18491 8596 9573 2771
18491 8596 8774 8116
18491 8596 8020 8116
18491 8596 7721 8116
18491 8596 8096 8116
18491 8596 8096 2771
18491 8596 9007 8116
18491 8596 8022 8116
18491 8596 1941 8116
18491 8596 8023 8116
18491 8596 9478 8116
18491 8596 8024 8116
18491 8596 8595 125154
18491 8596 7731 8116
18491 8596 8102 2771
18491 8596 9400 8116
18491 8596 9092 6049
18491 8596 9570 8116
18491 8596 3643 8116
18491 8596 8067 8116
18491 8596 8027 8116
18491 8596 7016 8116
18491 8596 8028 8116
18491 8596 1083 2771
18491 8596 7734 8116
18491 8596 8848 8116
18491 8596 9481 8116
18491 8596 7735 8116
18491 8596 9522 5347
18491 8596 9049 8116
18491 8596 7998 8116
18491 8596 8719 8116
18491 8596 9245 8116
18491 8596 8294 8116
18491 8596 8294 12807
18491 8596 8294 29026
18491 8596 8000 5347
18491 8596 8133 8116
18491 8596 7176 8116
18491 8596 8128 8116
18491 8596 8128 5347
18491 8596 7017 16297
18491 8596 8555 8116
18491 8596 8130 8116
18491 8596 6566 8116
18491 8596 7289 8116
18491 8596 7324 8116
18491 8596 7324 6049
18491 8596 7025 8116
18491 8596 6579 8116
18491 8596 8965 5347
18491 8596 9612 8116
18491 8596 8202 8116
18491 8596 7819 8116
18491 8596 7819 237435
18491 8596 9324 8116
18491 8596 3664 8116
18491 8596 8070 8116
18491 8596 5249 8116
18491 8596 812 8116
18491 8596 7828 8116
18491 8596 8260 8116
18491 8596 9553 8116
18491 8596 8600 87997
18491 8596 9490 8116
18491 8596 9436 8116
18491 8596 9141 8116
18491 8596 9192 8116
18491 8596 9131 8116
18491 8596 9579 8116
18491 8596 3721 8116
18491 8596 9444 8116
18491 8596 8163 8116
18491 8596 3333282 8116
18491 8596 3333282 2771
18491 8596 9493 8116
18491 8596 7585 5347
18491 8596 8034 5347
18491 8596 8034 125154
18491 8596 9158 8116
18491 8596 8035 8116
18491 8596 9251 8116
18491 8596 9617 8116
18491 8596 8834 8116
18491 8596 9560 8116
18491 8596 8855 8116
18491 8596 9495 8116
18491 8596 5875 8116
18491 8596 9181 192052
18491 8596 8399 8116
18491 8596 9013 8116
18491 8596 9013 2771
18491 8596 7193 8116
18491 8596 9589 8116
18491 8596 9589 75465
18491 8596 9589 18036
18491 8596 9562 8116
18491 8596 7247 8116
18491 8596 4895 8116
18491 8596 8037 8116
18491 8596 1961 8116
18491 8596 9083 8116
18491 8596 8798 8116
18491 8596 8909 8116
18491 8596 8604 8116
18491 8596 1964 8116
18491 8596 9563 8116
18491 8596 4807 8116
18491 8596 4406 8116
18491 8596 7552 8116
18491 8596 8223 8116
18491 8596 8223 6049
18491 8596 8058 8116
18491 8596 9240 8116
18491 8596 7637 8116
18491 8596 7151 8116
18491 8596 9247 8116
18491 8596 8001 8116
18491 8596 7550 8116
18491 8596 3731 8116
18491 8596 7713 8116
18491 8596 9524 8116
18491 8596 8835 13068
18491 8596 8835 43000
18491 8596 8539 8116
18491 8596 4404 8116
18491 8596 8829 8116
18491 8596 8063 8116
18491 8596 4893 8116
18491 8596 4893 2771
18491 8596 7715 8116
18491 8596 9052 8116
18491 8596 9052 2771
18491 8596 9566 6049
18491 8596 8836 8116
18491 8596 10888 56598
18491 8596 253416 5347
18491 8596 170638 5347
18491 8596 82712 43000
18491 8596 408 6981
18491 8596 25020 6981
18491 8596 5773 12807
18491 8596 5773 16297
18491 8596 4395 4815
18491 8596 72043 8116
18491 8596 5304 28652
18491 8596 7306 6981
18491 8596 5347
18491 8596 2063 13068
18491 8596 109117 28652
18491 8596 474655 8116
18491 8596 3159 4815
18491 8596 856 2771
18491 8596 281495 5347
18491 8596 6294 6981
18491 8596 6677 18036
18491 8596 5564 5347
18491 8596 121348 29026
18491 8596 250183 5347
18491 8596 1471 6981
18491 8596 625541 4815
18491 8596 625568 4815
18491 8596 6345 5347
18491 8596 16765 8116
18491 8596 16765 5347
18491 8596 391297 5347
18491 8596 2277 8116
18491 8596 490441 6049
18491 8116 7712 24466
18491 8116 7718 20177
18491 8116 8688 2771
18491 8116 8096 2771
18491 8116 9288 6049
18491 8116 3454 2771
18491 8116 8102 2771
18491 8116 8025 24466
18491 8116 9092 6049
18491 8116 9433 597630
18491 8116 8221 20177
18491 8116 9589 75465
18491 8116 9589 18036
18491 8116 8060 2771
18491 8116 9262 87997
18491 8116 4893 2771
18491 8116 9273 6049
18491 8116 9273 2771
18491 8116 9052 2771
18491 8116 8952 2771
18491 8116 135614 192114
18491 8116 135614
18491 8116 135614 16298
18491 8116 135614 16297
18491 8116 58382 13068
18491 8116 58382 28652
18491 8116 9164 6981
18491 8116 6280 13068
18491 8116 7604 6981
18491 8116 4395 4815
18491 8116
18491 8116 6211 4815
18491 8116 856 2771
18491 8116 116450 18130
18491 8116 625583 4815
18491 8116 82229 13068
18491 8116 82229 28652
18491 8116 28390 65562
18491 8116 28390 12807
18491 8116 1471 6981
18491 8116 6345 5347
18491 8116 16297 24696
18491 8116 16297 509829
18491 8116 16297
18491 8116 16297 28652
18491 8116 16297 16298
18491 8116 13782 6981
18491 8116 16765 5347
18491 8116 391297 5347
18491 8116 1667546 6981
18491 8123 9185 8116
18491 8123 9074 8116
18491 8123 7718 8116
18491 8123 7718 20177
18491 8123 8691 8116
18491 8123 3308 8116
18491 8123 8020 8116
18491 8123 7721 8116
18491 8123 8688 8116
18491 8123 8688 2771
18491 8123 9007 8116
18491 8123 8022 8116
18491 8123 1941 8116
18491 8123 8266 8116
18491 8123 3454 2771
18491 8123 6075 2771
18491 8123 8903 8116
18491 8123 9478 8116
18491 8123 8024 8116
18491 8123 7731 8116
18491 8123 9603 8116
18491 8123 3640 8116
18491 8123 8025 24466
18491 8123 9400 8116
18491 8123 9570 8116
18491 8123 9479 8116
18491 8123 8067 8116
18491 8123 8027 8116
18491 8123 9035 8116
18491 8123 6888 8116
18491 8123 9610 8116
18491 8123 8689 8116
18491 8123 9412 8116
18491 8123 1083 2771
18491 8123 7734 8116
18491 8123 9086 8116
18491 8123 9586 12807
18491 8123 9481 8116
18491 8123 9522 5347
18491 8123 8722 5347
18491 8123 8722 342716
18491 8123 9057 5347
18491 8123 8121 8116
18491 8123 8121 12807
18491 8123 8121 6049
18491 8123 8121 5347
18491 8123 8144 6049
18491 8123 8144 5347
18491 8123 6981 8116
18491 8123 6981 135614
18491 8123 6981
18491 8123 6981 16297
18491 8123 6482 12807
18491 8123 6482 192052
18491 8123 8116 135614
18491 8123 8116
18491 8123 8116 16297
18491 8123 7209 6981
18491 8123 7069 6049
18491 8123 6579 8116
18491 8123 5206 8116
18491 8123 8107 8116
18491 8123 803 8116
18491 8123 7736 8116
18491 8123 9311 8116
18491 8123 1957 8116
18491 8123 8057 8116
18491 8123 9324 8116
18491 8123 378662 509829
18491 8123 378662 509258
18491 8123 40724 2771
18491 8123 3664 8116
18491 8123 8070 8116
18491 8123 5249 8116
18491 8123 8975 8116
18491 8123 7828 8116
18491 8123 8260 8116
18491 8123 9553 8116
18491 8123 8600 87997
18491 8123 3718 8116
18491 8123 9141 8116
18491 8123 7829 8116
18491 8123 9192 8116
18491 8123 3719 8116
18491 8123 6957 8116
18491 8123 8912 8116
18491 8123 9131 8116
18491 8123 8129 8116
18491 8123 9557 8116
18491 8123 9484 8116
18491 8123 3721 8116
18491 8123 9444 8116
18491 8123 8307 8116
18491 8123 8163 8116
18491 8123 3333282 8116
18491 8123 3333282 2771
18491 8123 9003 8116
18491 8123 9493 8116
18491 8123 7585 5347
18491 8123 9613 8116
18491 8123 9613 2771
18491 8123 9584 8116
18491 8123 9584 237435
18491 8123 4106 8116
18491 8123 8035 8116
18491 8123 9251 8116
18491 8123 8274 8116
18491 8123 9560 8116
18491 8123 8855 8116
18491 8123 9495 8116
18491 8123 5875 8116
18491 8123 9339 8116
18491 8123 9181 192052
18491 8123 8399 8116
18491 8123 9587 8116
18491 8123 8635 8116
18491 8123 7581 8116
18491 8123 4394 8116
18491 8123 7193 8116
18491 8123 8036 8116
18491 8123 9589 8116
18491 8123 9589 75465
18491 8123 9589 18036
18491 8123 9562 8116
18491 8123 8104 8116
18491 8123 1960 8116
18491 8123 8844 8116
18491 8123 8037 8116
18491 8123 8553 8116
18491 8123 8127 8116
18491 8123 8248 8116
18491 8123 1961 8116
18491 8123 8604 8116
18491 8123 8038 8116
18491 8123 4807 8116
18491 8123 8716 8116
18491 8123 8792 8116
18491 8123 7552 8116
18491 8123 8223 8116
18491 8123 8223 6049
18491 8123 9416 8116
18491 8123 8058 8116
18491 8123 4806 8116
18491 8123 9050 8116
18491 8123 7637 8116
18491 8123 9594 8116
18491 8123 9299 8116
18491 8123 1940 8116
18491 8123 7550 8116
18491 8123 9595 8116
18491 8123 8060 8116
18491 8123 8060 2771
18491 8123 4890 8116
18491 8123 1943 2771
18491 8123 9524 8116
18491 8123 8539 8116
18491 8123 4892 2771
18491 8123 9262 87997
18491 8123 4404 8116
18491 8123 9028 8116
18491 8123 8829 8116
18491 8123 8063 8116
18491 8123 4893 8116
18491 8123 4893 2771
18491 8123 809 8116
18491 8123 9273 6049
18491 8123 9273 2771
18491 8123 7715 8116
18491 8123 9052 8116
18491 8123 9052 2771
18491 8123 9566 6049
18491 8123 8952 8116
18491 8123 8952 2771
18491 8123 9473 8116
18491 8123 7567 8116
18491 8123 9567 8116
18491 8123 47586 6981
18491 8123 4819 13068
18491 8123 25020 6981
18491 8123 5773 12807
18491 8123 5773 16297
18491 8123 28148 8116
18491 8123 4395 4815
18491 8123 12836 8116
18491 8123 273225 8116
18491 8123 629450 6981
18491 8123 18144 8116
18491 8123 30453 13068
18491 8123 30453 12807
18491 8123 55163 8116
18491 8123 26749 8116
18491 8123 6294 6981
18491 8123 1048 6981
18491 8123 8929 64760
18491 8123 8929 87997
18491 8123 194672 8116
18491 8123 625582 4815
18491 8123 413173 8116
18491 8123 87997
18491 8123 191197 597630
18491 8123 11338 6981
18491 8123 11338 8116
18491 8123 7693 8116
18491 8123 22947 8116
18491 8123 6345 5347
18491 8123 41090 8116
18491 8123 41091 8116
18491 8123 127862 8116
18491 8123 391297 5347
18491 8123 42512 8116
18491 8123 2277 8116
18491 8123 91972 8116
18491 8123 53206 8116
18491 8123 490441 6049
18491 8123 6833 8116
18491 8269 3724 8116
18491 8269 8019 8116
18491 8269 9074 8116
18491 8269 7718 8116
18491 8269 7718 20177
18491 8269 9573 2771
18491 8269 8691 8116
18491 8269 8774 8116
18491 8269 3308 8116
18491 8269 8061 2771
18491 8269 8061 18036
18491 8269 8020 8116
18491 8269 7721 8116
18491 8269 7018 8116
18491 8269 8096 8116
18491 8269 8096 2771
18491 8269 8022 8116
18491 8269 9288 8116
18491 8269 9288 6049
18491 8269 9081 8116
18491 8269 1941 8116
18491 8269 8266 8116
18491 8269 9545 8116
18491 8269 8023 8116
18491 8269 9601 8116
18491 8269 8903 8116
18491 8269 9478 8116
18491 8269 8024 8116
18491 8269 8595 125154
18491 8269 8687 8116
18491 8269 7731 8116
18491 8269 8102 2771
18491 8269 8025 24466
18491 8269 9092 6049
18491 8269 9570 8116
18491 8269 9479 8116
18491 8269 3643 8116
18491 8269 8067 8116
18491 8269 7016 8116
18491 8269 9610 8116
18491 8269 8689 8116
18491 8269 9412 8116
18491 8269 1083 2771
18491 8269 8848 8116
18491 8269 8069 8116
18491 8269 9005 8116
18491 8269 8965 5347
18491 8269 8107 8116
18491 8269 9139 8116
18491 8269 7736 8116
18491 8269 8057 8116
18491 8269 8202 8116
18491 8269 7819 8116
18491 8269 7819 237435
18491 8269 8221 20177
18491 8269 9324 8116
18491 8269 8299 8116
18491 8269 3664 8116
18491 8269 8975 8116
18491 8269 7828 8116
18491 8269 8260 8116
18491 8269 3718 8116
18491 8269 9436 8116
18491 8269 9141 8116
18491 8269 7829 8116
18491 8269 9192 8116
18491 8269 9399 8116
18491 8269 3719 8116
18491 8269 6957 8116
18491 8269 9131 8116
18491 8269 7861 8116
18491 8269 3721 8116
18491 8269 3333282 8116
18491 8269 3333282 2771
18491 8269 9003 8116
18491 8269 9493 8116
18491 8269 3722 8116
18491 8269 7585 5347
18491 8269 9158 8116
18491 8269 8253 8116
18491 8269 8253 192052
18491 8269 8035 8116
18491 8269 9320 8116
18491 8269 8274 8116
18491 8269 9617 8116
18491 8269 9560 8116
18491 8269 9181 192052
18491 8269 8399 8116
18491 8269 9587 8116
18491 8269 8635 8116
18491 8269 9013 8116
18491 8269 9013 2771
18491 8269 7581 8116
18491 8269 4394 8116
18491 8269 8036 8116
18491 8269 1927 8116
18491 8269 9589 8116
18491 8269 9589 75465
18491 8269 9589 18036
18491 8269 9562 8116
18491 8269 7247 8116
18491 8269 1960 8116
18491 8269 8844 8116
18491 8269 8037 8116
18491 8269 8127 8116
18491 8269 8248 8116
18491 8269 8909 8116
18491 8269 8604 8116
18491 8269 9497 8116
18491 8269 8038 8116
18491 8269 8231 8116
18491 8269 8792 8116
18491 8269 4406 8116
18491 8269 8223 8116
18491 8269 8223 6049
18491 8269 8791 8116
18491 8269 9416 8116
18491 8269 9240 8116
18491 8269 7637 8116
18491 8269 7151 8116
18491 8269 9299 8116
18491 8269 9439 8116
18491 8269 8059 8116
18491 8269 9247 8116
18491 8269 9595 8116
18491 8269 8947 8116
18491 8269 3731 8116
18491 8269 8060 8116
18491 8269 8060 2771
18491 8269 4890 8116
18491 8269 1943 2771
18491 8269 7713 8116
18491 8269 7005 8116
18491 8269 9524 8116
18491 8269 8835 13068
18491 8269 8835 43000
18491 8269 8539 8116
18491 8269 7579 8116
18491 8269 9262 87997
18491 8269 9028 8116
18491 8269 8829 8116
18491 8269 809 8116
18491 8269 9273 6049
18491 8269 9273 2771
18491 8269 7715 8116
18491 8269 9052 8116
18491 8269 9052 2771
18491 8269 9566 6049
18491 8269 8952 8116
18491 8269 8952 2771
18491 8269 8836 8116
18491 8269 9473 8116
18491 8269 3726 8116
18491 8269 7567 8116
18491 8269 7716 8116
18491 8269 8671 6981
18491 8269 63977 87997
18491 8269 5317 29026
18491 8269 2063 13068
18491 8269 13082 87997
18491 8269 16398 6981
18491 8269 13764 6981
18491 8269 6210 13068
18491 8269 6679 87997
18491 8269 13385 6981
18491 8269 13385 8116
18491 8269 6312 13068
18491 8269 117117 6981
18491 8269 734930 6049
18491 8269 8131 6049
18491 8269 2818 4815
18491 8269 625594 4815
18491 8269 43418 6981
18491 8269 16765 8116
18491 8269 16765 5347
18491 8269 391297 5347
18491 8269 490441 6049
18491 8269 18689 65562
18491 8269 6057 28652
18491 7549 8840 8116
18491 7549 3724 8116
18491 7549 9185 8116
18491 7549 9573 2771
18491 7549 8691 8116
18491 7549 3308 8116
18491 7549 8061 2771
18491 7549 8061 18036
18491 7549 9078 8116
18491 7549 7721 8116
18491 7549 9007 8116
18491 7549 8022 8116
18491 7549 9288 8116
18491 7549 9288 6049
18491 7549 9081 8116
18491 7549 1941 8116
18491 7549 8266 8116
18491 7549 9545 8116
18491 7549 8023 8116
18491 7549 8935 8116
18491 7549 9601 8116
18491 7549 8903 8116
18491 7549 9478 8116
18491 7549 8595 125154
18491 7549 8687 8116
18491 7549 7731 8116
18491 7549 9603 8116
18491 7549 8102 2771
18491 7549 3640 8116
18491 7549 8025 24466
18491 7549 9092 6049
18491 7549 9570 8116
18491 7549 9479 8116
18491 7549 3643 8116
18491 7549 8067 8116
18491 7549 9035 8116
18491 7549 6888 8116
18491 7549 7016 8116
18491 7549 8689 8116
18491 7549 3654 8116
18491 7549 9412 8116
18491 7549 1083 2771
18491 7549 7734 8116
18491 7549 8848 8116
18491 7549 7735 8116
18491 7549 9522 5347
18491 7549 8554 8116
18491 7549 8128 8116
18491 7549 8128 5347
18491 7549 9093 18036
18491 7549 8114 8116
18491 7549 8114 139237
18491 7549 6482 12807
18491 7549 6482 192052
18491 7549 8116 135614
18491 7549 8116
18491 7549 8116 16297
18491 7549 7324 8116
18491 7549 7324 6049
18491 7549 6579 8116
18491 7549 8965 5347
18491 7549 9433 597630
18491 7549 803 8116
18491 7549 7736 8116
18491 7549 8202 8116
18491 7549 7819 8116
18491 7549 7819 237435
18491 7549 8221 20177
18491 7549 9324 8116
18491 7549 1903 8116
18491 7549 11969 6981
18491 7549 11969 24696
18491 7549 11969 5347
18491 7549 378662 509829
18491 7549 378662 509258
18491 7549 8299 8116
18491 7549 3664 8116
18491 7549 8070 8116
18491 7549 5249 8116
18491 7549 8975 8116
18491 7549 7828 8116
18491 7549 9553 8116
18491 7549 3718 8116
18491 7549 9436 8116
18491 7549 9303 8116
18491 7549 9192 8116
18491 7549 601036 8116
18491 7549 8134 8116
18491 7549 6957 8116
18491 7549 8912 8116
18491 7549 9131 8116
18491 7549 9557 8116
18491 7549 9484 8116
18491 7549 3721 8116
18491 7549 8307 8116
18491 7549 8163 8116
18491 7549 8262 8116
18491 7549 8262 5347
18491 7549 9003 8116
18491 7549 8034 5347
18491 7549 8034 125154
18491 7549 9158 8116
18491 7549 9584 8116
18491 7549 9584 237435
18491 7549 7583 8116
18491 7549 7043 8116
18491 7549 8274 8116
18491 7549 9617 8116
18491 7549 8834 8116
18491 7549 9560 8116
18491 7549 5875 8116
18491 7549 8914 8116
18491 7549 9339 8116
18491 7549 8635 8116
18491 7549 9013 8116
18491 7549 9013 2771
18491 7549 8036 8116
18491 7549 9589 8116
18491 7549 9589 75465
18491 7549 9589 18036
18491 7549 7247 8116
18491 7549 802 8116
18491 7549 8104 8116
18491 7549 8844 8116
18491 7549 8037 8116
18491 7549 8127 8116
18491 7549 8248 8116
18491 7549 9083 8116
18491 7549 8604 8116
18491 7549 8038 8116
18491 7549 1964 8116
18491 7549 8838 8116
18491 7549 4406 8116
18491 7549 8223 8116
18491 7549 8223 6049
18491 7549 9416 8116
18491 7549 8058 8116
18491 7549 4806 8116
18491 7549 9240 8116
18491 7549 9050 8116
18491 7549 7637 8116
18491 7549 9594 8116
18491 7549 7151 8116
18491 7549 4891 8116
18491 7549 8001 8116
18491 7549 7550 8116
18491 7549 7917 8116
18491 7549 8947 8116
18491 7549 3731 8116
18491 7549 8060 8116
18491 7549 8060 2771
18491 7549 1943 2771
18491 7549 7005 8116
18491 7549 9524 8116
18491 7549 8539 8116
18491 7549 4892 2771
18491 7549 9262 87997
18491 7549 809 8116
18491 7549 9273 6049
18491 7549 9273 2771
18491 7549 7715 8116
18491 7549 9052 8116
18491 7549 9052 2771
18491 7549 9566 6049
18491 7549 8952 8116
18491 7549 8952 2771
18491 7549 9473 8116
18491 7549 3726 8116
18491 7549 8065 8116
18491 7549 7567 8116
18491 7549 9567 8116
18491 7549 29260 43000
18491 7549 6251 13068
18491 7549 6251 43000
18491 7549 6251 16298
18491 7549 6208 13068
18491 7549 493520 8116
18491 7549 4819 13068
18491 7549 365344 8116
18491 7549 295830 8116
18491 7549 4395 4815
18491 7549 29837 13068
18491 7549 29837 783634
18491 7549 4113 13068
18491 7549 2063 13068
18491 7549 136374 6981
18491 7549 6296 13068
18491 7549 13123 2771
18491 7549 16398 6981
18491 7549 6210 13068
18491 7549 6312 13068
18491 7549 625581 4815
18491 7549 134625 6981
18491 7549 21179 192052
18491 7549 6345 5347
18491 7549 6969 18130
18491 7549 5959 8116
18491 7549 16765 8116
18491 7549 16765 5347
18491 7549 391297 5347
18491 7549 5735 43532
18491 7549 490441 6049
18491 7549 5702 5347
18491 7549 6833 8116
18491 1903 7712 8116
18491 1903 7712 24466
18491 1903 7718 8116
18491 1903 7718 20177
18491 1903 9573 2771
18491 1903 8774 8116
18491 1903 8061 2771
18491 1903 8061 18036
18491 1903 8020 8116
18491 1903 7721 8116
18491 1903 8688 8116
18491 1903 8688 2771
18491 1903 8096 8116
18491 1903 8096 2771
18491 1903 8022 8116
18491 1903 8266 8116
18491 1903 6075 2771
18491 1903 8935 8116
18491 1903 8903 8116
18491 1903 9603 8116
18491 1903 8025 24466
18491 1903 9570 8116
18491 1903 8027 8116
18491 1903 3654 8116
18491 1903 8028 8116
18491 1903 9086 8116
18491 1903 8848 8116
18491 1903 9431 8116
18491 1903 9431 2771
18491 1903 7735 8116
18491 1903 9005 8116
18491 1903 8116 135614
18491 1903 8116
18491 1903 8116 16297
18491 1903 8555 8116
18491 1903 8413 8116
18491 1903 8130 8116
18491 1903 7209 6981
18491 1903 7291 8116
18491 1903 7292 13068
18491 1903 7324 8116
18491 1903 7324 6049
18491 1903 7069 6049
18491 1903 5206 8116
18491 1903 5205 8116
18491 1903 8107 8116
18491 1903 7736 8116
18491 1903 9612 8116
18491 1903 9311 8116
18491 1903 1957 8116
18491 1903 8057 8116
18491 1903 8070 8116
18491 1903 8975 8116
18491 1903 3718 8116
18491 1903 9141 8116
18491 1903 7829 8116
18491 1903 9192 8116
18491 1903 9399 8116
18491 1903 8134 8116
18491 1903 3719 8116
18491 1903 6957 8116
18491 1903 8129 8116
18491 1903 9579 8116
18491 1903 9484 8116
18491 1903 8033 8116
18491 1903 9444 8116
18491 1903 8307 8116
18491 1903 8262 8116
18491 1903 8262 5347
18491 1903 3722 8116
18491 1903 7585 5347
18491 1903 8253 8116
18491 1903 8253 192052
18491 1903 9613 8116
18491 1903 9613 2771
18491 1903 9584 8116
18491 1903 9584 237435
18491 1903 8035 8116
18491 1903 9617 8116
18491 1903 8834 8116
18491 1903 9560 8116
18491 1903 8855 8116
18491 1903 1927 8116
18491 1903 7247 8116
18491 1903 802 8116
18491 1903 8844 8116
18491 1903 8604 8116
18491 1903 8038 8116
18491 1903 8838 8116
18491 1903 7552 8116
18491 1903 8223 8116
18491 1903 8223 6049
18491 1903 8791 8116
18491 1903 8058 8116
18491 1903 7637 8116
18491 1903 9299 8116
18491 1903 1940 8116
18491 1903 9439 8116
18491 1903 8059 8116
18491 1903 9247 8116
18491 1903 8001 8116
18491 1903 7917 8116
18491 1903 8947 8116
18491 1903 7005 8116
18491 1903 8835 13068
18491 1903 8835 43000
18491 1903 9262 87997
18491 1903 4404 8116
18491 1903 8829 8116
18491 1903 8063 8116
18491 1903 809 8116
18491 1903 9473 8116
18491 1903 3726 8116
18491 1903 8065 8116
18491 1903 7567 8116
18491 1903 9567 8116
18491 1903 13034 174762
18491 1903 13034 4455
18491 1903 338565 8116
18491 1903 6048 13068
18491 1903 6048 6049
18491 1903 7846 192052
18491 1903 4395 4815
18491 1903 554432 8116
18491 1903 6216 6981
18491 1903 6216 13068
18491 1903 3159 4815
18491 1903 73424 8116
18491 1903 6291 13068
18491 1903 132048 6981
18491 1903 625583 8116
18491 1903 625583 4815
18491 1903 105942 28652
18491 1903 1471 6981
18491 1903 33397 6981
18491 1903 6345 5347
18491 1903 391297 5347
18491 1903 2277 8116
18491 1903 490441 6049
18491 5023 8840 8116
18491 5023 7712 8116
18491 5023 7712 24466
18491 5023 8019 8116
18491 5023 8691 8116
18491 5023 8774 8116
18491 5023 8061 2771
18491 5023 8061 18036
18491 5023 8020 8116
18491 5023 9078 8116
18491 5023 9007 8116
18491 5023 9288 8116
18491 5023 9288 6049
18491 5023 9081 8116
18491 5023 1941 8116
18491 5023 8266 8116
18491 5023 9545 8116
18491 5023 6075 2771
18491 5023 8023 8116
18491 5023 9478 8116
18491 5023 8687 8116
18491 5023 7731 8116
18491 5023 9603 8116
18491 5023 8025 24466
18491 5023 9092 6049
18491 5023 9479 8116
18491 5023 3643 8116
18491 5023 8027 8116
18491 5023 9035 8116
18491 5023 6888 8116
18491 5023 7016 8116
18491 5023 3654 8116
18491 5023 8028 8116
18491 5023 9412 8116
18491 5023 8135 8116
18491 5023 9086 8116
18491 5023 8069 8116
18491 5023 7735 8116
18491 5023 9005 8116
18491 5023 9522 5347
18491 5023 8554 8116
18491 5023 7175 8116
18491 5023 8107 8116
18491 5023 6638 8116
18491 5023 9433 597630
18491 5023 9139 8116
18491 5023 9612 8116
18491 5023 9311 8116
18491 5023 1957 8116
18491 5023 8057 8116
18491 5023 8202 8116
18491 5023 7819 8116
18491 5023 7819 237435
18491 5023 8221 20177
18491 5023 9324 8116
18491 5023 8299 8116
18491 5023 5249 8116
18491 5023 8975 8116
18491 5023 7828 8116
18491 5023 8260 8116
18491 5023 9553 8116
18491 5023 8600 87997
18491 5023 9141 8116
18491 5023 601036 8116
18491 5023 8134 8116
18491 5023 3719 8116
18491 5023 6957 8116
18491 5023 9579 8116
18491 5023 7861 8116
18491 5023 3721 8116
18491 5023 8307 8116
18491 5023 8163 8116
18491 5023 8262 8116
18491 5023 8262 5347
18491 5023 3722 8116
18491 5023 7585 5347
18491 5023 9158 8116
18491 5023 9584 8116
18491 5023 9584 237435
18491 5023 9251 8116
18491 5023 9320 8116
18491 5023 9617 8116
18491 5023 8834 8116
18491 5023 8855 8116
18491 5023 5875 8116
18491 5023 9339 8116
18491 5023 8635 8116
18491 5023 9013 8116
18491 5023 9013 2771
18491 5023 7581 8116
18491 5023 4394 8116
18491 5023 7193 8116
18491 5023 9562 8116
18491 5023 7247 8116
18491 5023 802 8116
18491 5023 8037 8116
18491 5023 8248 8116
18491 5023 1961 8116
18491 5023 9083 8116
18491 5023 8604 8116
18491 5023 9497 8116
18491 5023 1964 8116
18491 5023 8231 8116
18491 5023 9563 8116
18491 5023 4807 8116
18491 5023 8716 8116
18491 5023 7552 8116
18491 5023 8223 8116
18491 5023 8223 6049
18491 5023 8791 8116
18491 5023 9416 8116
18491 5023 8058 8116
18491 5023 7151 8116
18491 5023 8059 8116
18491 5023 4891 8116
18491 5023 8001 8116
18491 5023 9595 8116
18491 5023 7917 8116
18491 5023 3731 8116
18491 5023 1943 2771
18491 5023 7713 8116
18491 5023 4892 2771
18491 5023 7579 8116
18491 5023 9028 8116
18491 5023 809 8116
18491 5023 9273 6049
18491 5023 9273 2771
18491 5023 7715 8116
18491 5023 9052 8116
18491 5023 9052 2771
18491 5023 8952 8116
18491 5023 8952 2771
18491 5023 8836 8116
18491 5023 9473 8116
18491 5023 7716 8116
18491 5023 9567 8116
18491 5023 5569 8116
18491 5023 12715 6049
18491 5023 6251 13068
18491 5023 6251 43000
18491 5023 6251 16298
18491 5023 77641 6981
18491 5023 77641 8116
18491 5023 77641 28652
18491 5023 6107 192052
18491 5023 295823 8116
18491 5023 302386 87997
18491 5023 14308 192052
18491 5023 408 6981
18491 5023 6048 13068
18491 5023 6048 6049
18491 5023 4395 4815
18491 5023 67184 6981
18491 5023 8463 6049
18491 5023 3159 4815
18491 5023 505409 28652
18491 5023 6285 87037
18491 5023 6285 43000
18491 5023 24803 8116
18491 5023 6296 13068
18491 5023 1048 6981
18491 5023 7762 6049
18491 5023 625582 4815
18491 5023 6926 35027
18491 5023 1893 2771
18491 5023 6316 13068
18491 5023 4901 6981
18491 5023 13041 6981
18491 5023 43352 28652
18491 5023 165203 6981
18491 5023 39824 6981
18491 5023 6744 6049
18491 5023 443824 8116
18491 5023 6330 13068
18491 5023 5675 8116
18491 5023 182795 8116
18491 5023 16765 8116
18491 5023 16765 5347
18491 5023 391297 5347
18491 5023 3429 6981
18491 5023 5735 43532
18491 5023 6243 13068
18491 5023 5341 5347
18491 5023 5702 5347
18491 5023 15916 6981
18491 5023 62760 6049
18491 378662 3724 8116
18491 378662 7712 8116
18491 378662 7712 24466
18491 378662 8019 8116
18491 378662 9185 8116
18491 378662 9573 2771
18491 378662 8691 8116
18491 378662 8774 8116
18491 378662 8061 2771
18491 378662 8061 18036
18491 378662 9078 8116
18491 378662 7018 8116
18491 378662 8022 8116
18491 378662 8266 8116
18491 378662 9545 8116
18491 378662 3454 2771
18491 378662 8023 8116
18491 378662 9601 8116
18491 378662 8024 8116
18491 378662 8102 2771
18491 378662 3640 8116
18491 378662 8025 24466
18491 378662 9400 8116
18491 378662 3643 8116
18491 378662 6888 8116
18491 378662 8689 8116
18491 378662 3654 8116
18491 378662 8028 8116
18491 378662 9412 8116
18491 378662 8135 8116
18491 378662 9086 8116
18491 378662 9481 8116
18491 378662 7735 8116
18491 378662 9522 5347
18491 378662 8554 8116
18491 378662 7998 8116
18491 378662 8555 8116
18491 378662 8413 8116
18491 378662 7549 8116
18491 378662 5206 8116
18491 378662 8107 8116
18491 378662 9433 597630
18491 378662 803 8116
18491 378662 9139 8116
18491 378662 7736 8116
18491 378662 9612 8116
18491 378662 1957 8116
18491 378662 8057 8116
18491 378662 8202 8116
18491 378662 8221 20177
18491 378662 6986 24696
18491 378662 6986 509829
18491 378662 6986 509258
18491 378662 11968 509829
18491 378662 11968 555140
18491 378662 3664 8116
18491 378662 5249 8116
18491 378662 8975 8116
18491 378662 7828 8116
18491 378662 8260 8116
18491 378662 9553 8116
18491 378662 3718 8116
18491 378662 9303 8116
18491 378662 9192 8116
18491 378662 601036 8116
18491 378662 9399 8116
18491 378662 8134 8116
18491 378662 8129 8116
18491 378662 3721 8116
18491 378662 9444 8116
18491 378662 8307 8116
18491 378662 8262 8116
18491 378662 8262 5347
18491 378662 9003 8116
18491 378662 3722 8116
18491 378662 7585 5347
18491 378662 9613 8116
18491 378662 9613 2771
18491 378662 7583 8116
18491 378662 4106 8116
18491 378662 7043 8116
18491 378662 9320 8116
18491 378662 8274 8116
18491 378662 8834 8116
18491 378662 9495 8116
18491 378662 5875 8116
18491 378662 9181 192052
18491 378662 8399 8116
18491 378662 8635 8116
18491 378662 9013 8116
18491 378662 9013 2771
18491 378662 8036 8116
18491 378662 1927 8116
18491 378662 9562 8116
18491 378662 8104 8116
18491 378662 4895 8116
18491 378662 8127 8116
18491 378662 8248 8116
18491 378662 1961 8116
18491 378662 9083 8116
18491 378662 8604 8116
18491 378662 8038 8116
18491 378662 1964 8116
18491 378662 9563 8116
18491 378662 8838 8116
18491 378662 4807 8116
18491 378662 8716 8116
18491 378662 7552 8116
18491 378662 8223 8116
18491 378662 8223 6049
18491 378662 9240 8116
18491 378662 9050 8116
18491 378662 7637 8116
18491 378662 9594 8116
18491 378662 7151 8116
18491 378662 1940 8116
18491 378662 8059 8116
18491 378662 9595 8116
18491 378662 7917 8116
18491 378662 8793 8116
18491 378662 8947 8116
18491 378662 8060 8116
18491 378662 8060 2771
18491 378662 4890 8116
18491 378662 7713 8116
18491 378662 4892 2771
18491 378662 9262 87997
18491 378662 4404 8116
18491 378662 9028 8116
18491 378662 809 8116
18491 378662 9273 6049
18491 378662 9273 2771
18491 378662 9052 8116
18491 378662 9052 2771
18491 378662 8952 8116
18491 378662 8952 2771
18491 378662 3726 8116
18491 378662 9567 8116
18491 378662 15203 18130
18491 378662 6251 13068
18491 378662 6251 43000
18491 378662 6251 16298
18491 378662 223275 13068
18491 378662 223275 6049
18491 378662 545550 7515
18491 378662 34068 6981
18491 378662 37050 8116
18491 378662 510367 509829
18491 378662 32831 6049
18491 378662 529109 7515
18491 378662 537814 8116
18491 378662 51822 2771
18491 378662 408 6981
18491 378662 6278 13068
18491 378662 6048 13068
18491 378662 6048 6049
18491 378662 4395 4815
18491 378662 509829 135614
18491 378662 509829 24696
18491 378662 509829 192114
18491 378662 509829 174762
18491 378662 509829
18491 378662 509829 209762
18491 378662 509829 549999
18491 378662 509829 2678
18491 378662 509829 28652
18491 378662 509829 16298
18491 378662 509829 552862
18491 378662 509829 16297
18491 378662 509829 509258
18491 378662 510520 509829
18491 378662 6216 6981
18491 378662 6216 13068
18491 378662 185525 8116
18491 378662 4113 13068
18491 378662 2063 13068
18491 378662 179032 6049
18491 378662 433026 6981
18491 378662 27696 28652
18491 378662 856 2771
18491 378662 67765 28652
18491 378662 6210 13068
18491 378662 8929 64760
18491 378662 8929 87997
18491 378662 520563 28652
18491 378662 15173 7515
18491 378662 15173 43000
18491 378662 15173 29026
18491 378662 15179 8116
18491 378662 15179 5347
18491 378662 6313 43532
18491 378662 625581 4815
18491 378662 350555 12807
18491 378662 534536 28652
18491 378662 23234 6981
18491 378662 15888 18130
18491 378662 6320 18130
18491 378662 15512 6981
18491 378662 6969 18130
18491 378662 391297 5347
18491 378662 509258 24696
18491 378662 509258 509829
18491 378662 509258 192114
18491 378662 509258
18491 378662 509258 209762
18491 378662 509258 16298
18491 378662 509258 16297
18491 378662 5735 43532
18491 378662 2277 8116
18491 378662 5732 13068
18491 378662 27865 6049
18491 378662 490441 6049
18491 378662 15916 6981
18491 378662 58140 6981
18491 378662 6155 13068
18491 66945 363567 7515
18491 66945 490441 6049
18491 83092 22823 4455
18491 83092 210463 4455
18491 83092 17097 4455
18491 83092 25566 4455
18491 83092 8506 7515
18491 83092 1261 4455
18491 83092 108077 7515
18491 83092 7521 7515
18491 135614 5800157 8116
18491 135614 192114 24696
18491 135614 192114
18491 135614 192114 16298
18491 135614 192114 16297
18491 135614 550113 209762
18491 135614
18491 135614 16298 8116
18491 135614 16298 13068
18491 135614 16298 12807
18491 135614 16298 24696
18491 135614 16298 509829
18491 135614 16298 192114
18491 135614 16298
18491 135614 16298 16297
18491 135614 16297 24696
18491 135614 16297 509829
18491 135614 16297
18491 135614 16297 28652
18491 135614 16297 16298
18491 345 808229 7515
18491 345 303 43000
18491 345 30903 4455
18491 345 244254 18130
18491 345 7813 6981
18491 345 7813 8116
18491 345 490 24696
18491 345 490 88764
18491 345 490 1306
18491 345 224198 12807
18491 345 224198 18130
18491 345 73106 6981
18491 345 41969 64760
18491 345 661 4455
18491 345 783 18130
18491 345 4945 12807
18491 345 140206 7515
18491 345 140206 4455
18491 345 276214 18130
18491 345 7521 7515
18491 345 32704 4455
18491 345 142357 7515
18491 345 3709 8116
18491 510367 509829 135614
18491 510367 509829 24696
18491 510367 509829 192114
18491 510367 509829 174762
18491 510367 509829
18491 510367 509829 209762
18491 510367 509829 549999
18491 510367 509829 2678
18491 510367 509829 28652
18491 510367 509829 16298
18491 510367 509829 552862
18491 510367 509829 16297
18491 510367 509829 509258
18491 12807 186423 2678
18491 12807 186423 4455
18491 12807 7806 16298
18491 12807 7806 4455
18491 12807 177301 16298
18491 12807 550664 550688
18491 12807 84603 24696
18491 12807
18491 12807 88686 174762
18491 12807 88686 2678
18491 12807 88686 387520
18491 12807 88686 28652
18491 12807 88686 12137
18491 12807 88686 4455
18491 12807 16298 8116
18491 12807 16298 13068
18491 12807 16298 135614
18491 12807 16298 24696
18491 12807 16298 509829
18491 12807 16298 192114
18491 12807 16298
18491 12807 16298 16297
18491 12807 3248186 2678
18491 12807 3248186 28652
18491 12807 3248186 16298
18491 12807 3248186 4455
18491 12807 35139 65562
18491 12807 35139 28652
18491 12807 35139 4455
18491 12807 19080 87037
18491 12807 19080 174762
18491 12807 19080 188575
18491 24696 7291 8116
18491 24696 5206 8116
18491 24696 5205 8116
18491 24696 135614 192114
18491 24696 135614
18491 24696 135614 16298
18491 24696 135614 16297
18491 24696 180269 209762
18491 24696 509829 135614
18491 24696 509829 192114
18491 24696 509829 174762
18491 24696 509829
18491 24696 509829 209762
18491 24696 509829 549999
18491 24696 509829 2678
18491 24696 509829 28652
18491 24696 509829 16298
18491 24696 509829 552862
18491 24696 509829 16297
18491 24696 509829 509258
18491 24696 151597 4455
18491 24696
18491 24696 209762 509829
18491 24696 209762
18491 24696 209762 16298
18491 24696 209762 4455
18491 24696 2063 13068
18491 24696 299665
18491 24696 299665 209762
18491 24696 299665 549999
18491 24696 299665 16298
18491 24696 16298 8116
18491 24696 16298 13068
18491 24696 16298 135614
18491 24696 16298 12807
18491 24696 16298 509829
18491 24696 16298 192114
18491 24696 16298
18491 24696 16298 16297
18491 24696 32834 7515
18491 24696 16297 509829
18491 24696 16297
18491 24696 16297 28652
18491 24696 16297 16298
18491 24696 1889 13068
18491 24696 1889 135614
18491 24696 1889 12807
18491 24696 1889 509829
18491 24696 1889 192114
18491 24696 1889 16298
18491 24696 1889 1306
18491 24696 1889 465511
18491 24696 1889 16297
18491 24696 1889 4455
18491 490 12158 8116
18491 490 808229 7515
18491 490 13717 28652
18491 490 13717 29026
18491 490 13717 4455
18491 490 75704 6981
18491 490 303 43000
18491 490 3411 18130
18491 490 82801 88764
18491 490 10574 88764
18491 490 408 6981
18491 490 24696 135614
18491 490 24696 509829
18491 490 24696
18491 490 24696 209762
18491 490 24696 299665
18491 490 24696 16298
18491 490 24696 16297
18491 490 584986 88764
18491 490 78828 43000
18491 490 78828 18130
18491 490 120537 7515
18491 490 55098 445064
18491 490 88764 24696
18491 490 88764
18491 490 151780 7515
18491 490 530937 88764
18491 490 6285 87037
18491 490 6285 43000
18491 490 895 4455
18491 490 13026 7515
18491 490 4015 24696
18491 490 706923 13068
18491 490 706923 2678
18491 490 243422 88764
18491 490 3243436 18130
18491 490 43113 7515
18491 490 18375 7515
18491 490 18375 4455
18491 490 1305 1306
18491 490 1306 454325
18491 490 1306
18491 490 1306 2678
18491 490 1306 28652
18491 490 17568 18130
18491 490 7521 7515
18491 490 189309 4455
18491 490 7909 2678
18491 490 119094 88764
18491 490 252768 88764
18491 490 4016 88764
18491 490 82790 88764
18491 490 6243 13068
18491 490 1889 13068
18491 490 1889 135614
18491 490 1889 12807
18491 490 1889 509829
18491 490 1889 192114
18491 490 1889 16298
18491 490 1889 1306
18491 490 1889 465511
18491 490 1889 16297
18491 490 1889 4455
18491 19411 108409 87037
18491 19411 108409 28652
18491 19411 108409 43000
18491 19411 13034 174762
18491 19411 13034 4455
18491 19411 155468 64760
18491 19411 155468 805175
18491 19411 661 4455
18491 19411 83627 56598
18491 19411 83627 87037
18491 19411 83627 4455
18491 19411 17097 4455
18491 19411 11984 894783
18491 19411 11984 12137
18491 19411 11984 4455
18491 19411 759890 2771
18491 19411 19080 87037
18491 19411 19080 174762
18491 19411 19080 188575
18491 19411 4455 65562
18491 19411 4455 56598
18491 19411 4455
18491 19411 4455 203289
18491 19411 4455 575953
18491 56598 22726 389885
18491 56598 188621 4455
18491 56598 65562 894783
18491 56598 65562
18491 56598 174780 174762
18491 56598 174780 406637
18491 56598 174780 214394
18491 56598 174780 4455
18491 56598 448876 87037
18491 56598 448876 4455
18491 56598 19411 4455
18491 56598 6134616 390313
18491 56598 174762
18491 56598 174762 28652
18491 56598 83627 87037
18491 56598 83627 4455
18491 56598 56293 7515
18491 56598 251335 12807
18491 56598 251335 43000
18491 56598 251335 805175
18491 56598 251335 12137
18491 56598 251335 29026
18491 56598 251335 4455
18491 56598
18491 56598 28652 24696
18491 56598 28652 174762
18491 56598 28652
18491 56598 28652 209762
18491 56598 28652 549999
18491 56598 28652 44929
18491 56598 28652 4455
18491 56598 448880 4455
18491 56598 24077 7515
18491 56598 24077 389885
18491 56598 6090356 4455
18491 56598 2451215 406637
18491 56598 287876 2678
18491 56598 287876 4455
18491 56598 214394
18491 56598 214394 406637
18491 56598 64636 7515
18491 56598 573487 174762
18491 56598 4455 65562
18491 56598 4455
18491 56598 4455 203289
18491 56598 4455 575953
18491 56598 2489 7515
18491 24996 1289 6981
18491 397173 174780 56598
18491 397173 174780 174762
18491 397173 174780 406637
18491 397173 174780 214394
18491 397173 174780 4455
18491 397173 899348 24696
18491 397173 899348 209762
18491 397173 899348 4455
18491 397173 180274 24696
18491 397173 3632 24696
18491 397173 1477 13068
18491 397173 35964 4455
18491 21144 8102 2771
18491 21144 3654 8116
18491 21144 11969 6981
18491 21144 11969 24696
18491 21144 11969 5347
18491 21144 58851 87037
18491 21144 12807
18491 21144 12807 16298
18491 21144 45833 4455
18491 21144 29692 174762
18491 21144 29692 28652
18491 21144 29692 4455
18491 21144 347332 43000
18491 21144 64636 7515
18491 21144 434269 188575
18491 192114 7549 8116
18491 192114 135614
18491 192114 135614 16298
18491 192114 135614 16297
18491 192114 24696 135614
18491 192114 24696 509829
18491 192114 24696
18491 192114 24696 209762
18491 192114 24696 299665
18491 192114 24696 16298
18491 192114 24696 16297
18491 192114 5800157 8116
18491 192114 180271 24696
18491 192114 180271 209762
18491 192114 180271 4455
18491 192114
18491 192114 16298 8116
18491 192114 16298 13068
18491 192114 16298 135614
18491 192114 16298 12807
18491 192114 16298 24696
18491 192114 16298 509829
18491 192114 16298
18491 192114 16298 16297
18491 192114 16297 24696
18491 192114 16297 509829
18491 192114 16297
18491 192114 16297 28652
18491 192114 16297 16298
18491 11984 73989 7515
18491 11984 894783 65562
18491 11984 894783 12807
18491 11984 894783 174762
18491 11984 894783
18491 11984 251335 12807
18491 11984 251335 43000
18491 11984 251335 805175
18491 11984 251335 12137
18491 11984 251335 29026
18491 11984 251335 4455
18491 11984 31852 43000
18491 11984 31852 4455
18491 11984 12462 29026
18491 11984 12462 4455
18491 11984 62666 4455
18491 11984 12137 65562
18491 11984 12137 64760
18491 11984 12137 24696
18491 11984 12137 56598
18491 11984 12137
18491 11984 12137 43000
18491 11984 12137 4455
18491 11984 4455 65562
18491 11984 4455 56598
18491 11984 4455
18491 11984 4455 203289
18491 11984 4455 575953
18491 209762 509829 135614
18491 209762 509829 24696
18491 209762 509829 192114
18491 209762 509829 174762
18491 209762 509829
18491 209762 509829 549999
18491 209762 509829 2678
18491 209762 509829 28652
18491 209762 509829 16298
18491 209762 509829 552862
18491 209762 509829 16297
18491 209762 509829 509258
18491 209762
18491 209762 16298 8116
18491 209762 16298 13068
18491 209762 16298 135614
18491 209762 16298 12807
18491 209762 16298 24696
18491 209762 16298 509829
18491 209762 16298 192114
18491 209762 16298
18491 209762 16298 16297
18491 209762 7521 7515
18491 209762 4455 65562
18491 209762 4455 56598
18491 209762 4455
18491 209762 4455 203289
18491 209762 4455 575953
18491 549999
18491 549999 209762 509829
18491 549999 209762
18491 549999 209762 16298
18491 549999 209762 4455
18491 549999 299665
18491 549999 299665 209762
18491 549999 299665 16298
18491 549999 4455 65562
18491 549999 4455 56598
18491 549999 4455
18491 549999 4455 203289
18491 549999 4455 575953
18491 2678 186423 4455
18491 2678 23412 12807
18491 2678 23412 4455
18491 2678 35984 12807
18491 2678 35984 43000
18491 2678 16802 454325
18491 2678 16802 29026
18491 2678 186218 188576
18491 2678 186218 4455
18491 2678 17097 4455
18491 2678 11984 894783
18491 2678 11984 12137
18491 2678 11984 4455
18491 2678
18491 2678 178206 454325
18491 2678 178206 174762
18491 2678 82629 13068
18491 2678 82629 28652
18491 2678 82629 29026
18491 2678 246023 4455
18491 2678 71951 188575
18491 2678 71951 29026
18491 2678 43000
18491 2678 43000 29026
18491 2678 43000 4455
18491 2678 88686 174762
18491 2678 88686 387520
18491 2678 88686 28652
18491 2678 88686 12137
18491 2678 88686 4455
18491 2678 35429 87037
18491 2678 35429 4455
18491 2678 3248186 28652
18491 2678 3248186 16298
18491 2678 3248186 4455
18491 2678 28390 8116
18491 2678 28390 65562
18491 2678 28390 12807
18491 2678 118125 28652
18491 2678 35139 65562
18491 2678 35139 28652
18491 2678 35139 4455
18491 2678 29026 454325
18491 2678 29026 87037
18491 2678 29026
18491 2678 29026 43000
18491 2678 19078 12137
18491 2678 19078 4455
18491 2678 4455 65562
18491 2678 4455 56598
18491 2678 4455
18491 2678 4455 203289
18491 2678 4455 575953
18491 883 802 8116
18491 883 8798 8116
18491 883 23 28652
18491 883 14111 2771
18491 883 408 6981
18491 883 621 12807
18491 883 613 6981
18491 883 2063 13068
18491 883 2277 8116
18491 890 181665 43000
18491 890 530937 88764
18491 890 895 4455
18491 42213 23234 6981
18491 28652 188621 4455
18491 28652 749861 13068
18491 28652 559093 209762
18491 28652 72884 4455
18491 28652 139283 174762
18491 28652 6111722 174762
18491 28652 29617 4455
18491 28652 93314 387520
18491 28652 13717 29026
18491 28652 13717 4455
18491 28652 174739 4455
18491 28652 174780 56598
18491 28652 174780 174762
18491 28652 174780 406637
18491 28652 174780 214394
18491 28652 174780 4455
18491 28652 533589 24696
18491 28652 533589 43000
18491 28652 533589 16297
18491 28652 533589 509258
18491 28652 533589 29026
18491 28652 448875 56598
18491 28652 160060 2678
18491 28652 65674 12807
18491 28652 65674 275450
18491 28652 65674 575953
18491 28652 492271 43000
18491 28652 324144 44929
18491 28652 24696 135614
18491 28652 24696 509829
18491 28652 24696
18491 28652 24696 209762
18491 28652 24696 299665
18491 28652 24696 16298
18491 28652 24696 16297
18491 28652 19411 4455
18491 28652 492137 7515
18491 28652 271952 87037
18491 28652 271952 299665
18491 28652 271952 532166
18491 28652 271952 16297
18491 28652 21144 12807
18491 28652 174762 56598
18491 28652 174762
18491 28652 353399 174762
18491 28652
18491 28652 552897 299665
18491 28652 209762 509829
18491 28652 209762
18491 28652 209762 16298
18491 28652 209762 4455
18491 28652 549999
18491 28652 549999 209762
18491 28652 549999 299665
18491 28652 549999 4455
18491 28652 178206 454325
18491 28652 178206 174762
18491 28652 178206 2678
18491 28652 93597 44929
18491 28652 44929 65562
18491 28652 44929
18491 28652 61231 65562
18491 28652 143798 7515
18491 28652 4530065 13068
18491 28652 136960 135614
18491 28652 136960 209762
18491 28652 136960 549999
18491 28652 136960 16298
18491 28652 136960 16297
18491 28652 136960 4455
18491 28652 33965 29026
18491 28652 489056 43000
18491 28652 229538 87037
18491 28652 17635 7515
18491 28652 559224 209762
18491 28652 573487 174762
18491 28652 261284 7515
18491 28652 261284 87037
18491 28652 10337 7515
18491 28652 19080 87037
18491 28652 19080 174762
18491 28652 19080 188575
18491 28652 184193 64760
18491 28652 35964 4455
18491 28652 348943 188575
18491 28652 6150 13068
18491 28652 6150 43000
18491 28652 19078 2678
18491 28652 19078 12137
18491 28652 19078 4455
18491 28652 4455 65562
18491 28652 4455 56598
18491 28652 4455
18491 28652 4455 203289
18491 28652 4455 575953
18491 28652 15168 4455
18491 28652 511231 209762
18491 28652 511231 549999
18491 28652 2489 7515
18491 1166 9299 8116
18491 1166 7806 16298
18491 1166 7806 4455
18491 1166 408 6981
18491 1166 621 12807
18491 1166 7306 6981
18491 1166 2485 7515
18491 1166 135285 6981
18491 1166 135285 8116
18491 1166 259318 16298
18491 1166 28908 43000
18491 1166 301119 16298
18491 93658 4901 6981
18491 93658 5792 6981
18491 93658 5735 43532
18491 93658 2277 8116
18491 93658 5732 13068
18491 93658 490441 6049
18491 25574 13034 174762
18491 25574 13034 4455
18491 25574 295 7515
18491 25574 295 4455
18491 25574 7813 6981
18491 25574 7813 8116
18491 25574 4455 65562
18491 25574 4455 56598
18491 25574 4455
18491 25574 4455 203289
18491 25574 4455 575953
18491 74080 174762 56598
18491 74080 174762
18491 74080 174762 28652
18491 16298 6992 8116
18491 16298 6992 13068
18491 16298 6992 16297
18491 16298 7017 16297
18491 16298 8124 5347
18491 16298 8116 135614
18491 16298 8116
18491 16298 8116 16297
18491 16298 7549 8116
18491 16298 378662 509829
18491 16298 378662 509258
18491 16298 11968 509829
18491 16298 11968 555140
18491 16298 13068 87037
18491 16298 13068
18491 16298 13068 28652
18491 16298 13068 4455
18491 16298 135614 192114
18491 16298 135614
18491 16298 135614 16297
18491 16298 13717 28652
18491 16298 13717 29026
18491 16298 13717 4455
18491 16298 510367 509829
18491 16298 7806 4455
18491 16298 147016 7515
18491 16298 147016 4455
18491 16298 12807
18491 16298 24696 135614
18491 16298 24696 509829
18491 16298 24696
18491 16298 24696 209762
18491 16298 24696 299665
18491 16298 24696 16297
18491 16298 509829 135614
18491 16298 509829 24696
18491 16298 509829 192114
18491 16298 509829 174762
18491 16298 509829
18491 16298 509829 209762
18491 16298 509829 549999
18491 16298 509829 2678
18491 16298 509829 28652
18491 16298 509829 552862
18491 16298 509829 16297
18491 16298 509829 509258
18491 16298 13075 13068
18491 16298 13075 2678
18491 16298 13075 188576
18491 16298 192114 135614
18491 16298 192114 24696
18491 16298 192114
18491 16298 192114 16297
18491 16298
18491 16298 345275 203289
18491 16298 345275 4455
18491 16298 3248186 2678
18491 16298 3248186 28652
18491 16298 3248186 4455
18491 16298 36115 7515
18491 16298 36115 4455
18491 16298 35139 65562
18491 16298 35139 28652
18491 16298 35139 4455
18491 16298 16297 24696
18491 16298 16297 509829
18491 16298 16297
18491 16298 16297 28652
18491 16298 510522 509258
18491 16298 1477 13068
18491 16298 19080 87037
18491 16298 19080 174762
18491 16298 19080 188575
18491 922743 205617 65562
18491 229538 13717 28652
18491 229538 13717 29026
18491 229538 13717 4455
18491 229538 87037 261266
18491 229538 87037 454325
18491 229538 87037 56598
18491 229538 87037 188575
18491 229538 87037
18491 229538 87037 345098
18491 229538 87037 29026
18491 229538 87037 4455
18491 229538 28652 24696
18491 229538 28652 174762
18491 229538 28652
18491 229538 28652 209762
18491 229538 28652 549999
18491 229538 28652 44929
18491 229538 28652 4455
18491 229538 139565 56598
18491 229538 139565 451742
18491 229538 144148 4455
18491 229538 33965 28652
18491 229538 33965 29026
18491 139237
18491 139237 16297 24696
18491 139237 16297 509829
18491 139237 16297
18491 139237 16297 28652
18491 139237 16297 16298
18491 60089 6579 8116
18491 60089 12158 8116
18491 60089 295 7515
18491 60089 295 4455
18491 60089 478 7515
18491 60089 478 18130
18491 60089 63328 4455
18491 60089 727 451742
18491 60089 9077 12807
18491 60089 63145 4455
18491 60089 391297 5347
18491 64638 64636 7515
18491 64638 32704 4455
18491 64636 7515
18491 64636 7515 4455
18491 64636 45833 4455
18491 64636 42987 7515
18491 64636 301742 56598
18491 64636 301742 28652
18491 64636 301742 4455
18491 64636 29698 28652
18491 64636 45360 4455
18491 64636 30778 7515
18491 64636 164251 7515
18491 16297 24696 135614
18491 16297 24696 509829
18491 16297 24696
18491 16297 24696 209762
18491 16297 24696 299665
18491 16297 24696 16298
18491 16297 5773 12807
18491 16297 5299 5347
18491 16297 509829 135614
18491 16297 509829 24696
18491 16297 509829 192114
18491 16297 509829 174762
18491 16297 509829
18491 16297 509829 209762
18491 16297 509829 549999
18491 16297 509829 2678
18491 16297 509829 28652
18491 16297 509829 16298
18491 16297 509829 552862
18491 16297 509829 509258
18491 16297
18491 16297 28652 24696
18491 16297 28652 174762
18491 16297 28652
18491 16297 28652 209762
18491 16297 28652 549999
18491 16297 28652 44929
18491 16297 28652 4455
18491 16297 16298 8116
18491 16297 16298 13068
18491 16297 16298 135614
18491 16297 16298 12807
18491 16297 16298 24696
18491 16297 16298 509829
18491 16297 16298 192114
18491 16297 16298
18491 16297 2277 8116
18491 16297 490441 6049
18491 84110 13717 28652
18491 84110 13717 29026
18491 84110 13717 4455
18491 84110 108409 87037
18491 84110 108409 28652
18491 84110 108409 43000
18491 84110 100902 2678
18491 84110 295912 43000
18491 84110 87037 261266
18491 84110 87037 454325
18491 84110 87037 56598
18491 84110 87037 188575
18491 84110 87037
18491 84110 87037 345098
18491 84110 87037 29026
18491 84110 87037 4455
18491 84110 11984 894783
18491 84110 11984 12137
18491 84110 11984 4455
18491 84110 16425 188576
18491 84110 16425 51101
18491 84110 28652 24696
18491 84110 28652 174762
18491 84110 28652
18491 84110 28652 209762
18491 84110 28652 549999
18491 84110 28652 44929
18491 84110 28652 4455
18491 84110 139565 56598
18491 84110 139565 451742
18491 84110 229538 87037
18491 84110 229538 28652
18491 84110 549647 4455
18491 84110 864610 87037
18491 509258 378662 509829
18491 509258 24696 135614
18491 509258 24696 509829
18491 509258 24696
18491 509258 24696 209762
18491 509258 24696 299665
18491 509258 24696 16298
18491 509258 24696 16297
18491 509258 8182 6049
18491 509258 180269 209762
18491 509258 509829 135614
18491 509258 509829 24696
18491 509258 509829 192114
18491 509258 509829 174762
18491 509258 509829
18491 509258 509829 209762
18491 509258 509829 549999
18491 509258 509829 2678
18491 509258 509829 28652
18491 509258 509829 16298
18491 509258 509829 552862
18491 509258 509829 16297
18491 509258 510520 509829
18491 509258 180271 24696
18491 509258 180271 192114
18491 509258 180271 209762
18491 509258 180271 4455
18491 509258 192114 135614
18491 509258 192114 24696
18491 509258 192114
18491 509258 192114 16298
18491 509258 192114 16297
18491 509258
18491 509258 209762 509829
18491 509258 209762
18491 509258 209762 16298
18491 509258 209762 4455
18491 509258 25574 4455
18491 509258 16298 8116
18491 509258 16298 13068
18491 509258 16298 135614
18491 509258 16298 12807
18491 509258 16298 24696
18491 509258 16298 509829
18491 509258 16298 192114
18491 509258 16298
18491 509258 16298 16297
18491 509258 16297 24696
18491 509258 16297 509829
18491 509258 16297
18491 509258 16297 28652
18491 509258 16297 16298
18491 509258 1889 13068
18491 509258 1889 135614
18491 509258 1889 12807
18491 509258 1889 509829
18491 509258 1889 192114
18491 509258 1889 16298
18491 509258 1889 1306
18491 509258 1889 465511
18491 509258 1889 16297
18491 509258 1889 4455
18491 12359 6211 4815
18491 12359 490441 6049
18491 12359 5696 65562
18491 8132 7292 13068
18491 8132 7069 6049
18491 8132 478 7515
18491 8132 478 18130
18491 8132 23394 6981
18491 8132 10370 7515
18491 8132 10370 4455
18491 8132 6316 13068
18491 8132 38341 4455
18491 4455 8316 5347
18491 4455 9049 8116
18491 4455 65562 894783
18491 4455 65562 56598
18491 4455 65562
18491 4455 749861 13068
18491 4455 16426 261266
18491 4455 183 6981
18491 4455 438076 87037
18491 4455 438076 2678
18491 4455 13034 174762
18491 4455 188624 12807
18491 4455 188624 275450
18491 4455 188624 87037
18491 4455 188624 43000
18491 4455 147016 7515
18491 4455 4819 13068
18491 4455 56598 65562
18491 4455 56598 174762
18491 4455 56598
18491 4455 56598 28652
18491 4455 56598 214394
18491 4455 86244 2678
18491 4455 186221 12807
18491 4455 186221 2678
18491 4455 186221 188576
18491 4455 186221 12137
18491 4455 43507 7515
18491 4455 170570 87037
18491 4455 170570 345098
18491 4455 170570 805175
18491 4455 170570 29026
18491 4455 353087 454325
18491 4455
18491 4455 203289 174762
18491 4455 203289
18491 4455 203289 2678
18491 4455 15010 209762
18491 4455 15010 549999
18491 4455 15010 575953
18491 4455 17524 463428
18491 4455 17524 12137
18491 4455 88686 174762
18491 4455 88686 2678
18491 4455 88686 387520
18491 4455 88686 28652
18491 4455 88686 12137
18491 4455 19657 43000
18491 4455 35429 87037
18491 4455 575356 56598
18491 4455 28390 8116
18491 4455 28390 65562
18491 4455 28390 12807
18491 4455 63796 7515
18491 4455 7521 7515
18491 4455 52294 7515
18491 4455 36115 7515
18491 4455 249589 7515
18491 4455 31090 43000
18491 4455 173822 2678
18491 4455 575953 7515
18491 4455 575953
18491 4455 575953 2678
18491 4455 35139 65562
18491 4455 35139 28652
18491 4455 4880 270566
18491 4455 4880 2678
18491 4455 19078 2678
18491 4455 19078 12137
18491 4455 19258 275450
18491 4455 19258 2678
18491 4455 1889 13068
18491 4455 1889 135614
18491 4455 1889 12807
18491 4455 1889 509829
18491 4455 1889 192114
18491 4455 1889 16298
18491 4455 1889 1306
18491 4455 1889 465511
18491 4455 1889 16297
18491 249551 6150 13068
18491 249551 6150 43000
18491 1889 13068 87037
18491 1889 13068
18491 1889 13068 28652
18491 1889 13068 4455
18491 1889 21410 29026
18491 1889 135614 192114
18491 1889 135614
18491 1889 135614 16298
18491 1889 135614 16297
18491 1889 13717 28652
18491 1889 13717 29026
18491 1889 13717 4455
18491 1889 108409 87037
18491 1889 108409 28652
18491 1889 108409 43000
18491 1889 4879 454325
18491 1889 4879 270566
18491 1889 4879 87037
18491 1889 591030 4455
18491 1889 343192 87037
18491 1889 343192 2678
18491 1889 7806 16298
18491 1889 7806 4455
18491 1889 23412 12807
18491 1889 23412 4455
18491 1889 12807
18491 1889 12807 16298
18491 1889 13004 270566
18491 1889 19411 4455
18491 1889 509829 135614
18491 1889 509829 24696
18491 1889 509829 192114
18491 1889 509829 174762
18491 1889 509829
18491 1889 509829 209762
18491 1889 509829 549999
18491 1889 509829 2678
18491 1889 509829 28652
18491 1889 509829 16298
18491 1889 509829 552862
18491 1889 509829 16297
18491 1889 509829 509258
18491 1889 745 12807
18491 1889 745 2678
18491 1889 186218 188576
18491 1889 186218 4455
18491 1889 13075 13068
18491 1889 13075 2678
18491 1889 13075 16298
18491 1889 13075 188576
18491 1889 192114 135614
18491 1889 192114 24696
18491 1889 192114
18491 1889 192114 16298
18491 1889 192114 16297
18491 1889 11984 894783
18491 1889 11984 12137
18491 1889 11984 4455
18491 1889 178206 454325
18491 1889 178206 174762
18491 1889 178206 2678
18491 1889 500528 43000
18491 1889 45360 4455
18491 1889 73112 4455
18491 1889 16298 8116
18491 1889 16298 13068
18491 1889 16298 135614
18491 1889 16298 12807
18491 1889 16298 24696
18491 1889 16298 509829
18491 1889 16298 192114
18491 1889 16298
18491 1889 16298 16297
18491 1889 1306 454325
18491 1889 1306
18491 1889 1306 2678
18491 1889 1306 28652
18491 1889 35429 87037
18491 1889 35429 4455
18491 1889 144148 4455
18491 1889 28390 8116
18491 1889 28390 65562
18491 1889 28390 12807
18491 1889 465511 454325
18491 1889 465511
18491 1889 465511 28652
18491 1889 465511 12137
18491 1889 35962 4455
18491 1889 578806 12807
18491 1889 578806 4455
18491 1889 173822 2678
18491 1889 7909 2678
18491 1889 62666 4455
18491 1889 35139 65562
18491 1889 35139 28652
18491 1889 35139 4455
18491 1889 285527 12137
18491 1889 16297 24696
18491 1889 16297 509829
18491 1889 16297
18491 1889 16297 28652
18491 1889 16297 16298
18491 1889 10337 7515
18491 1889 4880 270566
18491 1889 4880 2678
18491 1889 19080 87037
18491 1889 19080 174762
18491 1889 19080 188575
18491 1889 5715911 4455
18491 1889 35964 4455
18491 1889 453102 43000
18491 1889 453102 465511
18491 1889 4455 65562
18491 1889 4455 56598
18491 1889 4455
18491 1889 4455 203289
18491 1889 4455 575953
18491 1889 181521 2678
